Bulk Composition:
index Pressure Temperature mass SiO2 TiO2 Al2O3 Fe2O3 Cr2O3 FeO MnO MgO NiO CoO CaO Na2O K2O P2O5 H2O CO2 
1 3000.00 1400.00 100.000000 47.5796 1.92483 12.3906 1.387 0 11.2392 0.235923 6.20795 0 0 10.6315 2.33114 0.231242 0.176942 5.61721 0.0468101
2 3000.00 1397.00 100.000000 47.5796 1.92483 12.3906 1.387 0 11.2392 0.235923 6.20795 0 0 10.6315 2.33114 0.231242 0.176942 5.61721 0.0468101
3 3000.00 1394.00 100.000000 47.5796 1.92483 12.3906 1.387 0 11.2392 0.235923 6.20795 0 0 10.6315 2.33114 0.231242 0.176942 5.61721 0.0468101
4 3000.00 1391.00 100.000000 47.5796 1.92483 12.3906 1.387 0 11.2392 0.235923 6.20795 0 0 10.6315 2.33114 0.231242 0.176942 5.61721 0.0468101
5 3000.00 1388.00 100.000000 47.5796 1.92483 12.3906 1.387 0 11.2392 0.235923 6.20795 0 0 10.6315 2.33114 0.231242 0.176942 5.61721 0.0468101
6 3000.00 1385.00 100.000000 47.5796 1.92483 12.3906 1.387 0 11.2392 0.235923 6.20795 0 0 10.6315 2.33114 0.231242 0.176942 5.61721 0.0468101
7 3000.00 1382.00 100.000000 47.5796 1.92483 12.3906 1.387 0 11.2392 0.235923 6.20795 0 0 10.6315 2.33114 0.231242 0.176942 5.61721 0.0468101
8 3000.00 1379.00 100.000000 47.5796 1.92483 12.3906 1.387 0 11.2392 0.235923 6.20795 0 0 10.6315 2.33114 0.231242 0.176942 5.61721 0.0468101
9 3000.00 1376.00 100.000000 47.5796 1.92483 12.3906 1.387 0 11.2392 0.235923 6.20795 0 0 10.6315 2.33114 0.231242 0.176942 5.61721 0.0468101
10 3000.00 1373.00 100.000000 47.5796 1.92483 12.3906 1.387 0 11.2392 0.235923 6.20795 0 0 10.6315 2.33114 0.231242 0.176942 5.61721 0.0468101
11 3000.00 1370.00 100.000000 47.5796 1.92483 12.3906 1.387 0 11.2392 0.235923 6.20795 0 0 10.6315 2.33114 0.231242 0.176942 5.61721 0.0468101
12 3000.00 1367.00 100.000000 47.5796 1.92483 12.3906 1.387 0 11.2392 0.235923 6.20795 0 0 10.6315 2.33114 0.231242 0.176942 5.61721 0.0468101
13 3000.00 1364.00 100.000000 47.5796 1.92483 12.3906 1.387 0 11.2392 0.235923 6.20795 0 0 10.6315 2.33114 0.231242 0.176942 5.61721 0.0468101
14 3000.00 1361.00 100.000000 47.5796 1.92483 12.3906 1.387 0 11.2392 0.235923 6.20795 0 0 10.6315 2.33114 0.231242 0.176942 5.61721 0.0468101
15 3000.00 1358.00 100.000000 47.5796 1.92483 12.3906 1.387 0 11.2392 0.235923 6.20795 0 0 10.6315 2.33114 0.231242 0.176942 5.61721 0.0468101
16 3000.00 1355.00 100.000000 47.5796 1.92483 12.3906 1.387 0 11.2392 0.235923 6.20795 0 0 10.6315 2.33114 0.231242 0.176942 5.61721 0.0468101
17 3000.00 1352.00 100.000000 47.5796 1.92483 12.3906 1.387 0 11.2392 0.235923 6.20795 0 0 10.6315 2.33114 0.231242 0.176942 5.61721 0.0468101
18 3000.00 1349.00 100.000000 47.5796 1.92483 12.3906 1.387 0 11.2392 0.235923 6.20795 0 0 10.6315 2.33114 0.231242 0.176942 5.61721 0.0468101
19 3000.00 1346.00 100.000000 47.5796 1.92483 12.3906 1.387 0 11.2392 0.235923 6.20795 0 0 10.6315 2.33114 0.231242 0.176942 5.61721 0.0468101
20 3000.00 1343.00 100.000000 47.5796 1.92483 12.3906 1.387 0 11.2392 0.235923 6.20795 0 0 10.6315 2.33114 0.231242 0.176942 5.61721 0.0468101
21 3000.00 1340.00 100.000000 47.5796 1.92483 12.3906 1.387 0 11.2392 0.235923 6.20795 0 0 10.6315 2.33114 0.231242 0.176942 5.61721 0.0468101
22 3000.00 1337.00 100.000000 47.5796 1.92483 12.3906 1.387 0 11.2392 0.235923 6.20795 0 0 10.6315 2.33114 0.231242 0.176942 5.61721 0.0468101
23 3000.00 1334.00 100.000000 47.5796 1.92483 12.3906 1.387 0 11.2392 0.235923 6.20795 0 0 10.6315 2.33114 0.231242 0.176942 5.61721 0.0468101
24 3000.00 1331.00 100.000000 47.5796 1.92483 12.3906 1.387 0 11.2392 0.235923 6.20795 0 0 10.6315 2.33114 0.231242 0.176942 5.61721 0.0468101
25 3000.00 1328.00 100.000000 47.5796 1.92483 12.3906 1.387 0 11.2392 0.235923 6.20795 0 0 10.6315 2.33114 0.231242 0.176942 5.61721 0.0468101
26 3000.00 1325.00 100.000000 47.5796 1.92483 12.3906 1.387 0 11.2392 0.235923 6.20795 0 0 10.6315 2.33114 0.231242 0.176942 5.61721 0.0468101
27 3000.00 1322.00 100.000000 47.5796 1.92483 12.3906 1.387 0 11.2392 0.235923 6.20795 0 0 10.6315 2.33114 0.231242 0.176942 5.61721 0.0468101
28 3000.00 1319.00 100.000000 47.5796 1.92483 12.3906 1.387 0 11.2392 0.235923 6.20795 0 0 10.6315 2.33114 0.231242 0.176942 5.61721 0.0468101
29 3000.00 1316.00 100.000000 47.5796 1.92483 12.3906 1.387 0 11.2392 0.235923 6.20795 0 0 10.6315 2.33114 0.231242 0.176942 5.61721 0.0468101
30 3000.00 1313.00 100.000000 47.5796 1.92483 12.3906 1.387 0 11.2392 0.235923 6.20795 0 0 10.6315 2.33114 0.231242 0.176942 5.61721 0.0468101
31 3000.00 1310.00 100.000000 47.5796 1.92483 12.3906 1.387 0 11.2392 0.235923 6.20795 0 0 10.6315 2.33114 0.231242 0.176942 5.61721 0.0468101
32 3000.00 1307.00 100.000000 47.5796 1.92483 12.3906 1.387 0 11.2392 0.235923 6.20795 0 0 10.6315 2.33114 0.231242 0.176942 5.61721 0.0468101
33 3000.00 1304.00 100.000000 47.5796 1.92483 12.3906 1.387 0 11.2392 0.235923 6.20795 0 0 10.6315 2.33114 0.231242 0.176942 5.61721 0.0468101
34 3000.00 1301.00 100.000000 47.5796 1.92483 12.3906 1.387 0 11.2392 0.235923 6.20795 0 0 10.6315 2.33114 0.231242 0.176942 5.61721 0.0468101
35 3000.00 1298.00 100.000000 47.5796 1.92483 12.3906 1.387 0 11.2392 0.235923 6.20795 0 0 10.6315 2.33114 0.231242 0.176942 5.61721 0.0468101
36 3000.00 1295.00 100.000000 47.5796 1.92483 12.3906 1.387 0 11.2392 0.235923 6.20795 0 0 10.6315 2.33114 0.231242 0.176942 5.61721 0.0468101
37 3000.00 1292.00 100.000000 47.5796 1.92483 12.3906 1.387 0 11.2392 0.235923 6.20795 0 0 10.6315 2.33114 0.231242 0.176942 5.61721 0.0468101
38 3000.00 1289.00 100.000000 47.5796 1.92483 12.3906 1.387 0 11.2392 0.235923 6.20795 0 0 10.6315 2.33114 0.231242 0.176942 5.61721 0.0468101
39 3000.00 1286.00 100.000000 47.5796 1.92483 12.3906 1.387 0 11.2392 0.235923 6.20795 0 0 10.6315 2.33114 0.231242 0.176942 5.61721 0.0468101
40 3000.00 1283.00 100.000000 47.5796 1.92483 12.3906 1.387 0 11.2392 0.235923 6.20795 0 0 10.6315 2.33114 0.231242 0.176942 5.61721 0.0468101
41 3000.00 1280.00 100.000000 47.5796 1.92483 12.3906 1.387 0 11.2392 0.235923 6.20795 0 0 10.6315 2.33114 0.231242 0.176942 5.61721 0.0468101
42 3000.00 1277.00 100.000000 47.5796 1.92483 12.3906 1.387 0 11.2392 0.235923 6.20795 0 0 10.6315 2.33114 0.231242 0.176942 5.61721 0.0468101
43 3000.00 1274.00 100.000000 47.5796 1.92483 12.3906 1.387 0 11.2392 0.235923 6.20795 0 0 10.6315 2.33114 0.231242 0.176942 5.61721 0.0468101
44 3000.00 1271.00 100.000000 47.5796 1.92483 12.3906 1.387 0 11.2392 0.235923 6.20795 0 0 10.6315 2.33114 0.231242 0.176942 5.61721 0.0468101
45 3000.00 1268.00 100.000000 47.5796 1.92483 12.3906 1.387 0 11.2392 0.235923 6.20795 0 0 10.6315 2.33114 0.231242 0.176942 5.61721 0.0468101
46 3000.00 1265.00 100.000000 47.5796 1.92483 12.3906 1.387 0 11.2392 0.235923 6.20795 0 0 10.6315 2.33114 0.231242 0.176942 5.61721 0.0468101
47 3000.00 1262.00 100.000000 47.5796 1.92483 12.3906 1.387 0 11.2392 0.235923 6.20795 0 0 10.6315 2.33114 0.231242 0.176942 5.61721 0.0468101
48 3000.00 1259.00 100.000000 47.5796 1.92483 12.3906 1.387 0 11.2392 0.235923 6.20795 0 0 10.6315 2.33114 0.231242 0.176942 5.61721 0.0468101
49 3000.00 1256.00 100.000000 47.5796 1.92483 12.3906 1.387 0 11.2392 0.235923 6.20795 0 0 10.6315 2.33114 0.231242 0.176942 5.61721 0.0468101
50 3000.00 1253.00 100.000000 47.5796 1.92483 12.3906 1.387 0 11.2392 0.235923 6.20795 0 0 10.6315 2.33114 0.231242 0.176942 5.61721 0.0468101
51 3000.00 1250.00 100.000000 47.5796 1.92483 12.3906 1.387 0 11.2392 0.235923 6.20795 0 0 10.6315 2.33114 0.231242 0.176942 5.61721 0.0468101
52 3000.00 1247.00 100.000000 47.5796 1.92483 12.3906 1.387 0 11.2392 0.235923 6.20795 0 0 10.6315 2.33114 0.231242 0.176942 5.61721 0.0468101
53 3000.00 1244.00 100.000000 47.5796 1.92483 12.3906 1.387 0 11.2392 0.235923 6.20795 0 0 10.6315 2.33114 0.231242 0.176942 5.61721 0.0468101
54 3000.00 1241.00 100.000000 47.5796 1.92483 12.3906 1.387 0 11.2392 0.235923 6.20795 0 0 10.6315 2.33114 0.231242 0.176942 5.61721 0.0468101
55 3000.00 1238.00 100.000000 47.5796 1.92483 12.3906 1.387 0 11.2392 0.235923 6.20795 0 0 10.6315 2.33114 0.231242 0.176942 5.61721 0.0468101
56 3000.00 1235.00 100.000000 47.5796 1.92483 12.3906 1.387 0 11.2392 0.235923 6.20795 0 0 10.6315 2.33114 0.231242 0.176942 5.61721 0.0468101
57 3000.00 1232.00 100.000000 47.5796 1.92483 12.3906 1.387 0 11.2392 0.235923 6.20795 0 0 10.6315 2.33114 0.231242 0.176942 5.61721 0.0468101
58 3000.00 1229.00 100.000000 47.5796 1.92483 12.3906 1.387 0 11.2392 0.235923 6.20795 0 0 10.6315 2.33114 0.231242 0.176942 5.61721 0.0468101
59 3000.00 1226.00 100.000000 47.5796 1.92483 12.3906 1.387 0 11.2392 0.235923 6.20795 0 0 10.6315 2.33114 0.231242 0.176942 5.61721 0.0468101
60 3000.00 1223.00 100.000000 47.5796 1.92483 12.3906 1.387 0 11.2392 0.235923 6.20795 0 0 10.6315 2.33114 0.231242 0.176942 5.61721 0.0468101
61 3000.00 1220.00 100.000000 47.5796 1.92483 12.3906 1.387 0 11.2392 0.235923 6.20795 0 0 10.6315 2.33114 0.231242 0.176942 5.61721 0.0468101
62 3000.00 1217.00 100.000000 47.5796 1.92483 12.3906 1.387 0 11.2392 0.235923 6.20795 0 0 10.6315 2.33114 0.231242 0.176942 5.61721 0.0468101
63 3000.00 1214.00 100.000000 47.5796 1.92483 12.3906 1.387 0 11.2392 0.235923 6.20795 0 0 10.6315 2.33114 0.231242 0.176942 5.61721 0.0468101
64 3000.00 1211.00 100.000000 47.5796 1.92483 12.3906 1.387 0 11.2392 0.235923 6.20795 0 0 10.6315 2.33114 0.231242 0.176942 5.61721 0.0468101
65 3000.00 1208.00 100.000000 47.5796 1.92483 12.3906 1.387 0 11.2392 0.235923 6.20795 0 0 10.6315 2.33114 0.231242 0.176942 5.61721 0.0468101
66 3000.00 1205.00 100.000000 47.5796 1.92483 12.3906 1.387 0 11.2392 0.235923 6.20795 0 0 10.6315 2.33114 0.231242 0.176942 5.61721 0.0468101
67 3000.00 1202.00 100.000000 47.5796 1.92483 12.3906 1.387 0 11.2392 0.235923 6.20795 0 0 10.6315 2.33114 0.231242 0.176942 5.61721 0.0468101
68 3000.00 1199.00 100.000000 47.5796 1.92483 12.3906 1.387 0 11.2392 0.235923 6.20795 0 0 10.6315 2.33114 0.231242 0.176942 5.61721 0.0468101
69 3000.00 1196.00 100.000000 47.5796 1.92483 12.3906 1.387 0 11.2392 0.235923 6.20795 0 0 10.6315 2.33114 0.231242 0.176942 5.61721 0.0468101
70 3000.00 1193.00 100.000000 47.5796 1.92483 12.3906 1.387 0 11.2392 0.235923 6.20795 0 0 10.6315 2.33114 0.231242 0.176942 5.61721 0.0468101
71 3000.00 1190.00 100.000000 47.5796 1.92483 12.3906 1.387 0 11.2392 0.235923 6.20795 0 0 10.6315 2.33114 0.231242 0.176942 5.61721 0.0468101
72 3000.00 1187.00 100.000000 47.5796 1.92483 12.3906 1.387 0 11.2392 0.235923 6.20795 0 0 10.6315 2.33114 0.231242 0.176942 5.61721 0.0468101
73 3000.00 1184.00 100.000000 47.5796 1.92483 12.3906 1.387 0 11.2392 0.235923 6.20795 0 0 10.6315 2.33114 0.231242 0.176942 5.61721 0.0468101
74 3000.00 1181.00 100.000000 47.5796 1.92483 12.3906 1.387 0 11.2392 0.235923 6.20795 0 0 10.6315 2.33114 0.231242 0.176942 5.61721 0.0468101
75 3000.00 1178.00 100.000000 47.5796 1.92483 12.3906 1.387 0 11.2392 0.235923 6.20795 0 0 10.6315 2.33114 0.231242 0.176942 5.61721 0.0468101
76 3000.00 1175.00 100.000000 47.5796 1.92483 12.3906 1.387 0 11.2392 0.235923 6.20795 0 0 10.6315 2.33114 0.231242 0.176942 5.61721 0.0468101
77 3000.00 1172.00 100.000000 47.5796 1.92483 12.3906 1.387 0 11.2392 0.235923 6.20795 0 0 10.6315 2.33114 0.231242 0.176942 5.61721 0.0468101
78 3000.00 1169.00 100.000000 47.5796 1.92483 12.3906 1.387 0 11.2392 0.235923 6.20795 0 0 10.6315 2.33114 0.231242 0.176942 5.61721 0.0468101
79 3000.00 1166.00 100.000000 47.5796 1.92483 12.3906 1.387 0 11.2392 0.235923 6.20795 0 0 10.6315 2.33114 0.231242 0.176942 5.61721 0.0468101
80 3000.00 1163.00 100.000000 47.5796 1.92483 12.3906 1.387 0 11.2392 0.235923 6.20795 0 0 10.6315 2.33114 0.231242 0.176942 5.61721 0.0468101
81 3000.00 1160.00 100.000000 47.5796 1.92483 12.3906 1.387 0 11.2392 0.235923 6.20795 0 0 10.6315 2.33114 0.231242 0.176942 5.61721 0.0468101
82 3000.00 1157.00 100.000000 47.5796 1.92483 12.3906 1.387 0 11.2392 0.235923 6.20795 0 0 10.6315 2.33114 0.231242 0.176942 5.61721 0.0468101
83 3000.00 1154.00 100.000000 47.5796 1.92483 12.3906 1.387 0 11.2392 0.235923 6.20795 0 0 10.6315 2.33114 0.231242 0.176942 5.61721 0.0468101
84 3000.00 1151.00 100.000000 47.5796 1.92483 12.3906 1.387 0 11.2392 0.235923 6.20795 0 0 10.6315 2.33114 0.231242 0.176942 5.61721 0.0468101
85 3000.00 1148.00 100.000000 47.5796 1.92483 12.3906 1.387 0 11.2392 0.235923 6.20795 0 0 10.6315 2.33114 0.231242 0.176942 5.61721 0.0468101
86 3000.00 1145.00 100.000000 47.5796 1.92483 12.3906 1.387 0 11.2392 0.235923 6.20795 0 0 10.6315 2.33114 0.231242 0.176942 5.61721 0.0468101
87 3000.00 1142.00 100.000000 47.5796 1.92483 12.3906 1.387 0 11.2392 0.235923 6.20795 0 0 10.6315 2.33114 0.231242 0.176942 5.61721 0.0468101
88 3000.00 1139.00 100.000000 47.5796 1.92483 12.3906 1.387 0 11.2392 0.235923 6.20795 0 0 10.6315 2.33114 0.231242 0.176942 5.61721 0.0468101
89 3000.00 1136.00 100.000000 47.5796 1.92483 12.3906 1.387 0 11.2392 0.235923 6.20795 0 0 10.6315 2.33114 0.231242 0.176942 5.61721 0.0468101
90 3000.00 1133.00 100.000000 47.5796 1.92483 12.3906 1.387 0 11.2392 0.235923 6.20795 0 0 10.6315 2.33114 0.231242 0.176942 5.61721 0.0468101
91 3000.00 1130.00 100.000000 47.5796 1.92483 12.3906 1.387 0 11.2392 0.235923 6.20795 0 0 10.6315 2.33114 0.231242 0.176942 5.61721 0.0468101
92 3000.00 1127.00 100.000000 47.5796 1.92483 12.3906 1.387 0 11.2392 0.235923 6.20795 0 0 10.6315 2.33114 0.231242 0.176942 5.61721 0.0468101
93 3000.00 1124.00 100.000000 47.5796 1.92483 12.3906 1.387 0 11.2392 0.235923 6.20795 0 0 10.6315 2.33114 0.231242 0.176942 5.61721 0.0468101
94 3000.00 1121.00 100.000000 47.5796 1.92483 12.3906 1.387 0 11.2392 0.235923 6.20795 0 0 10.6315 2.33114 0.231242 0.176942 5.61721 0.0468101
95 3000.00 1118.00 100.000000 47.5796 1.92483 12.3906 1.387 0 11.2392 0.235923 6.20795 0 0 10.6315 2.33114 0.231242 0.176942 5.61721 0.0468101
96 3000.00 1115.00 100.000000 47.5796 1.92483 12.3906 1.387 0 11.2392 0.235923 6.20795 0 0 10.6315 2.33114 0.231242 0.176942 5.61721 0.0468101
97 3000.00 1112.00 100.000000 47.5796 1.92483 12.3906 1.387 0 11.2392 0.235923 6.20795 0 0 10.6315 2.33114 0.231242 0.176942 5.61721 0.0468101
98 3000.00 1113.00 100.000000 47.5796 1.92483 12.3906 1.387 0 11.2392 0.235923 6.20795 0 0 10.6315 2.33114 0.231242 0.176942 5.61721 0.0468101
99 3000.00 1114.00 100.000000 47.5796 1.92483 12.3906 1.387 0 11.2392 0.235923 6.20795 0 0 10.6315 2.33114 0.231242 0.176942 5.61721 0.0468101
100 3000.00 1115.00 100.000000 47.5796 1.92483 12.3906 1.387 0 11.2392 0.235923 6.20795 0 0 10.6315 2.33114 0.231242 0.176942 5.61721 0.0468101
101 3000.00 1114.00 100.000000 47.5796 1.92483 12.3906 1.387 0 11.2392 0.235923 6.20795 0 0 10.6315 2.33114 0.231242 0.176942 5.61721 0.0468101
102 3000.00 1114.10 100.000000 47.5796 1.92483 12.3906 1.387 0 11.2392 0.235923 6.20795 0 0 10.6315 2.33114 0.231242 0.176942 5.61721 0.0468101
103 3000.00 1114.20 100.000000 47.5796 1.92483 12.3906 1.387 0 11.2392 0.235923 6.20795 0 0 10.6315 2.33114 0.231242 0.176942 5.61721 0.0468101
104 3000.00 1114.30 100.000000 47.5796 1.92483 12.3906 1.387 0 11.2392 0.235923 6.20795 0 0 10.6315 2.33114 0.231242 0.176942 5.61721 0.0468101
105 3000.00 1114.20 100.000000 47.5796 1.92483 12.3906 1.387 0 11.2392 0.235923 6.20795 0 0 10.6315 2.33114 0.231242 0.176942 5.61721 0.0468101
106 3000.00 1119.20 100.000000 47.5796 1.92483 12.3906 1.387 0 11.2392 0.235923 6.20795 0 0 10.6315 2.33114 0.231242 0.176942 5.61721 0.0468101
107 3000.00 1114.30 100.000000 47.5796 1.92483 12.3906 1.387 0 11.2392 0.235923 6.20795 0 0 10.6315 2.33114 0.231242 0.176942 5.61721 0.0468101
108 3000.00 1119.30 100.000000 47.5796 1.92483 12.3906 1.387 0 11.2392 0.235923 6.20795 0 0 10.6315 2.33114 0.231242 0.176942 5.61721 0.0468101
109 3000.00 1114.40 100.000000 47.5796 1.92483 12.3906 1.387 0 11.2392 0.235923 6.20795 0 0 10.6315 2.33114 0.231242 0.176942 5.61721 0.0468101
110 3000.00 1119.40 100.000000 47.5796 1.92483 12.3906 1.387 0 11.2392 0.235923 6.20795 0 0 10.6315 2.33114 0.231242 0.176942 5.61721 0.0468101
111 3000.00 1114.50 100.000000 47.5796 1.92483 12.3906 1.387 0 11.2392 0.235923 6.20795 0 0 10.6315 2.33114 0.231242 0.176942 5.61721 0.0468101
112 3000.00 1119.50 100.000000 47.5796 1.92483 12.3906 1.387 0 11.2392 0.235923 6.20795 0 0 10.6315 2.33114 0.231242 0.176942 5.61721 0.0468101
113 3000.00 1114.60 100.000000 47.5796 1.92483 12.3906 1.387 0 11.2392 0.235923 6.20795 0 0 10.6315 2.33114 0.231242 0.176942 5.61721 0.0468101
114 3000.00 1119.60 100.000000 47.5796 1.92483 12.3906 1.387 0 11.2392 0.235923 6.20795 0 0 10.6315 2.33114 0.231242 0.176942 5.61721 0.0468101
115 3000.00 1114.70 100.000000 47.5796 1.92483 12.3906 1.387 0 11.2392 0.235923 6.20795 0 0 10.6315 2.33114 0.231242 0.176942 5.61721 0.0468101
116 3000.00 1119.70 100.000000 47.5796 1.92483 12.3906 1.387 0 11.2392 0.235923 6.20795 0 0 10.6315 2.33114 0.231242 0.176942 5.61721 0.0468101
117 3000.00 1114.80 100.000000 47.5796 1.92483 12.3906 1.387 0 11.2392 0.235923 6.20795 0 0 10.6315 2.33114 0.231242 0.176942 5.61721 0.0468101
118 3000.00 1119.80 100.000000 47.5796 1.92483 12.3906 1.387 0 11.2392 0.235923 6.20795 0 0 10.6315 2.33114 0.231242 0.176942 5.61721 0.0468101
119 3000.00 1114.90 100.000000 47.5796 1.92483 12.3906 1.387 0 11.2392 0.235923 6.20795 0 0 10.6315 2.33114 0.231242 0.176942 5.61721 0.0468101
120 3000.00 1119.90 100.000000 47.5796 1.92483 12.3906 1.387 0 11.2392 0.235923 6.20795 0 0 10.6315 2.33114 0.231242 0.176942 5.61721 0.0468101
121 3000.00 1115.00 100.000000 47.5796 1.92483 12.3906 1.387 0 11.2392 0.235923 6.20795 0 0 10.6315 2.33114 0.231242 0.176942 5.61721 0.0468101
122 3000.00 1120.00 100.000000 47.5796 1.92483 12.3906 1.387 0 11.2392 0.235923 6.20795 0 0 10.6315 2.33114 0.231242 0.176942 5.61721 0.0468101
123 3000.00 1115.10 100.000000 47.5796 1.92483 12.3906 1.387 0 11.2392 0.235923 6.20795 0 0 10.6315 2.33114 0.231242 0.176942 5.61721 0.0468101
124 3000.00 1120.10 100.000000 47.5796 1.92483 12.3906 1.387 0 11.2392 0.235923 6.20795 0 0 10.6315 2.33114 0.231242 0.176942 5.61721 0.0468101
125 3000.00 1115.20 100.000000 47.5796 1.92483 12.3906 1.387 0 11.2392 0.235923 6.20795 0 0 10.6315 2.33114 0.231242 0.176942 5.61721 0.0468101
126 3000.00 1120.20 100.000000 47.5796 1.92483 12.3906 1.387 0 11.2392 0.235923 6.20795 0 0 10.6315 2.33114 0.231242 0.176942 5.61721 0.0468101
127 3000.00 1115.30 100.000000 47.5796 1.92483 12.3906 1.387 0 11.2392 0.235923 6.20795 0 0 10.6315 2.33114 0.231242 0.176942 5.61721 0.0468101
128 3000.00 1120.30 100.000000 47.5796 1.92483 12.3906 1.387 0 11.2392 0.235923 6.20795 0 0 10.6315 2.33114 0.231242 0.176942 5.61721 0.0468101
129 3000.00 1115.40 100.000000 47.5796 1.92483 12.3906 1.387 0 11.2392 0.235923 6.20795 0 0 10.6315 2.33114 0.231242 0.176942 5.61721 0.0468101
130 3000.00 1120.40 100.000000 47.5796 1.92483 12.3906 1.387 0 11.2392 0.235923 6.20795 0 0 10.6315 2.33114 0.231242 0.176942 5.61721 0.0468101
131 3000.00 1115.50 100.000000 47.5796 1.92483 12.3906 1.387 0 11.2392 0.235923 6.20795 0 0 10.6315 2.33114 0.231242 0.176942 5.61721 0.0468101
132 3000.00 1120.50 100.000000 47.5796 1.92483 12.3906 1.387 0 11.2392 0.235923 6.20795 0 0 10.6315 2.33114 0.231242 0.176942 5.61721 0.0468101
133 3000.00 1115.60 100.000000 47.5796 1.92483 12.3906 1.387 0 11.2392 0.235923 6.20795 0 0 10.6315 2.33114 0.231242 0.176942 5.61721 0.0468101
134 3000.00 1114.35 100.000000 47.5796 1.92483 12.3906 1.387 0 11.2392 0.235923 6.20795 0 0 10.6315 2.33114 0.231242 0.176942 5.61721 0.0468101
135 3000.00 1109.36 99.968611 47.5946 1.92543 12.3945 1.38744 0 11.2427 0.235997 6.2099 0 0 10.6348 2.33187 0.231314 0.176998 5.59379 0.0406034
136 3000.00 1104.37 99.658842 47.7425 1.86099 12.414 1.32039 0 11.1562 0.23673 6.20076 0 0 10.6679 2.33912 0.232033 0.177548 5.61118 0.0407296
137 3000.00 1099.38 99.357887 47.8871 1.79785 12.4328 1.25534 0 11.0712 0.237447 6.19192 0 0 10.7002 2.34621 0.232736 0.178086 5.62818 0.0408529
138 3000.00 1094.39 99.071221 48.0257 1.73719 12.4508 1.19349 0 10.9895 0.238134 6.18356 0 0 10.7312 2.353 0.23341 0.178601 5.64446 0.0409711
139 3000.00 1089.39 98.797902 48.1585 1.67887 12.4679 1.13468 0 10.9109 0.238793 6.17564 0 0 10.7609 2.35951 0.234055 0.179095 5.66008 0.0410845
140 3000.00 1084.40 98.537071 48.286 1.62275 12.4843 1.07875 0 10.8351 0.239425 6.16813 0 0 10.7893 2.36575 0.234675 0.179569 5.67506 0.0411932
141 3000.00 1079.41 98.287947 48.4084 1.5687 12.4998 1.02553 0 10.762 0.240032 6.161 0 0 10.8167 2.37175 0.23527 0.180024 5.68945 0.0412977
142 3000.00 1074.42 98.049815 48.526 1.51661 12.5147 0.974893 0 10.6915 0.240615 6.15423 0 0 10.843 2.37751 0.235841 0.180461 5.70326 0.041398
143 3000.00 1069.43 97.822021 48.639 1.46638 12.5289 0.926699 0 10.6235 0.241176 6.14781 0 0 10.8682 2.38304 0.23639 0.180882 5.71654 0.0414944
144 3000.00 1064.44 97.603964 48.7476 1.4179 12.5425 0.880824 0 10.5578 0.241714 6.1417 0 0 10.8925 2.38837 0.236918 0.181286 5.72932 0.0415871
145 3000.00 1059.45 97.330495 48.8603 1.37146 12.5636 0.837085 0 10.4849 0.242229 6.11595 0 0 10.9229 2.39508 0.237584 0.181795 5.74541 0.0417039
146 3000.00 1054.46 96.191749 49.05 1.29629 12.6085 0.817949 0 10.4272 0.24372 5.93978 0 0 10.9141 2.42253 0.240397 0.183947 5.81343 0.0421976
147 3000.00 1049.47 94.566546 49.3071 1.17274 12.6338 0.803247 0 10.4117 0.246397 5.7412 0 0 10.8335 2.46238 0.244528 0.187109 5.91334 0.0429228
148 3000.00 1044.47 93.058644 49.5496 1.05947 12.6636 0.789034 0 10.3886 0.248879 5.54882 0 0 10.76 2.50061 0.24849 0.19014 6.00916 0.0436183
149 3000.00 1039.48 91.649308 49.7788 0.955487 12.6979 0.775099 0 10.3587 0.251196 5.36216 0 0 10.692 2.53747 0.252312 0.193064 6.10156 0.0442891
150 3000.00 1034.49 90.241903 50.0157 0.857586 12.7431 0.760835 0 10.3225 0.253518 5.17225 0 0 10.6289 2.57543 0.256247 0.196075 6.17779 0.039982
151 3000.00 1029.50 88.418025 50.1826 0.791672 12.845 0.736645 0 10.3399 0.257789 4.97091 0 0 10.466 2.62537 0.261532 0.20012 6.2862 0.036308
152 3000.00 1024.51 86.562038 50.3339 0.735615 12.9615 0.710694 0 10.3648 0.262495 4.76867 0 0 10.2823 2.67812 0.26714 0.204411 6.39811 0.0323449
153 3000.00 1019.52 84.791412 50.4819 0.683655 13.0794 0.685404 0 10.3835 0.267152 4.57034 0 0 10.1013 2.73053 0.272718 0.208679 6.50683 0.0285417
154 3000.00 1014.53 83.097774 50.6276 0.635496 13.1988 0.660699 0 10.3959 0.271764 4.3757 0 0 9.92303 2.7827 0.278277 0.212932 6.61218 0.0249061
155 3000.00 1009.54 81.473298 50.7716 0.590866 13.3198 0.636507 0 10.4021 0.276339 4.18453 0 0 9.74718 2.83471 0.283825 0.217178 6.7139 0.0214491
156 3000.00 1004.55 79.910577 50.9149 0.549514 13.4425 0.612758 0 10.4019 0.280884 3.9966 0 0 9.5736 2.88668 0.289376 0.221425 6.81164 0.0181857
157 3000.00 999.55 78.402520 51.0585 0.511207 13.5671 0.589378 0 10.3952 0.285409 3.81167 0 0 9.40207 2.93873 0.294942 0.225684 6.90497 0.0151355
158 3000.00 994.56 76.942301 51.2035 0.475734 13.6937 0.566298 0 10.3818 0.289924 3.62946 0 0 9.23233 2.991 0.300539 0.229967 6.99333 0.0123231
159 3000.00 989.57 75.523417 51.351 0.442898 13.8229 0.543444 0 10.3616 0.294439 3.44972 0 0 9.06414 3.04366 0.306185 0.234288 7.07603 0.00977775
160 3000.00 984.58 74.139938 51.5022 0.412516 13.9548 0.520751 0 10.334 0.298965 3.27221 0 0 8.89723 3.09687 0.311899 0.23866 7.15234 0.00753138
161 3000.00 979.59 72.787038 51.6584 0.384412 14.0898 0.498164 0 10.2988 0.303511 3.09675 0 0 8.73146 3.15078 0.317696 0.243096 7.22152 0.00561322
162 3000.00 974.60 71.461762 51.8206 0.358414 14.2281 0.475656 0 10.2552 0.308078 2.92336 0 0 8.56685 3.20549 0.323588 0.247604 7.28306 0.00404146
163 3000.00 969.61 70.163726 51.9894 0.334345 14.3694 0.453241 0 10.2026 0.312654 2.75228 0 0 8.40371 3.261 0.329574 0.252185 7.33686 0.00281361
164 3000.00 964.62 68.893630 52.1659 0.311369 14.513 0.430951 0 10.1398 0.317219 2.58394 0 0 8.24243 3.31725 0.33565 0.256834 7.38371 0.0019026
165 3000.00 959.63 67.427052 52.3905 0.292441 14.6029 0.412792 0 10.0641 0.322267 2.4172 0 0 8.0796 3.38017 0.342923 0.26242 7.43154 0.00118104
166 3000.00 954.63 64.638901 52.893 0.280858 14.3629 0.417335 0 9.95504 0.330508 2.24371 0 0 7.88532 3.48214 0.357501 0.273739 7.51742 0.000527866
167 3000.00 949.64 61.976857 53.4173 0.270116 14.1172 0.42247 0 9.82327 0.338653 2.07733 0 0 7.69384 3.58518 0.372628 0.285497 7.59631 0.000231287
168 3000.00 944.65 59.371130 54.0101 0.257017 13.8462 0.395481 0 9.62756 0.346818 1.92391 0 0 7.5311 3.69046 0.388721 0.298027 7.68453 0.000101366
169 3000.00 939.66 56.968720 54.5881 0.24763 13.5834 0.377354 0 9.42938 0.354687 1.77888 0 0 7.36638 3.79299 0.404845 0.310595 7.76565 4.46627e-05
170 3000.00 934.67 54.729371 55.1684 0.238678 13.319 0.360298 0 9.21673 0.362234 1.64404 0 0 7.20796 3.89299 0.421128 0.323304 7.84527 1.99119e-05
171 3000.00 929.68 52.641540 55.7486 0.230158 13.0532 0.344267 0 8.99229 0.369458 1.51905 0 0 7.05568 3.99009 0.437534 0.336126 7.92358 8.99291e-06
172 3000.00 924.69 50.692924 56.3271 0.222063 12.7863 0.329214 0 8.75855 0.376374 1.4034 0 0 6.90928 4.08405 0.454042 0.349047 8.0006 0
173 3000.00 919.70 48.871916 56.9025 0.21438 12.5185 0.315082 0 8.5178 0.382996 1.29653 0 0 6.7685 4.17463 0.470633 0.362053 8.07635 0
174 3000.00 914.71 47.166895 57.474 0.207093 12.25 0.301817 0 8.27205 0.389348 1.19781 0 0 6.63303 4.26171 0.487303 0.37514 8.15067 0
175 3000.00 909.72 45.568324 58.0406 0.200185 11.9809 0.289357 0 8.02313 0.395449 1.10668 0 0 6.50268 4.34513 0.504037 0.388301 8.2236 0
176 3000.00 904.72 44.067162 58.6013 0.193634 11.7114 0.277645 0 7.77263 0.401319 1.02255 0 0 6.37722 4.42479 0.520829 0.401528 8.29511 0
177 3000.00 899.73 42.655344 59.1557 0.187421 11.4417 0.266628 0 7.52191 0.406979 0.944875 0 0 6.25646 4.50063 0.537669 0.414818 8.36516 0
178 3000.00 894.74 41.325694 59.7031 0.181525 11.1721 0.256252 0 7.27216 0.412448 0.873125 0 0 6.14022 4.57258 0.554551 0.428165 8.43373 0
179 3000.00 889.75 40.071839 60.2431 0.175925 10.9028 0.24647 0 7.02438 0.417745 0.80681 0 0 6.02833 4.64062 0.571464 0.441562 8.50081 0
180 3000.00 884.76 38.888123 60.7752 0.170603 10.634 0.237239 0 6.77944 0.422885 0.745475 0 0 5.92064 4.70475 0.588399 0.455003 8.56638 0
181 3000.00 879.77 37.771331 61.298 0.165794 10.3661 0.228878 0 6.53823 0.427854 0.688858 0 0 5.81752 4.76482 0.605315 0.468456 8.63014 0
182 3000.00 874.78 36.715445 61.8122 0.160975 10.0994 0.221303 0 6.30123 0.432678 0.636417 0 0 5.71817 4.82105 0.622219 0.481928 8.69242 0
183 3000.00 869.79 35.715066 62.3183 0.15604 9.83407 0.214099 0 6.06875 0.437396 0.587685 0 0 5.6221 4.87361 0.639122 0.495427 8.75339 0
184 3000.00 864.80 34.767630 62.8153 0.151322 9.57058 0.207283 0 5.84128 0.442006 0.542445 0 0 5.52962 4.92247 0.655991 0.508928 8.8128 0
185 3000.00 859.80 33.869847 63.3028 0.146808 9.3093 0.200827 0 5.61914 0.446517 0.500403 0 0 5.44062 4.96771 0.672809 0.522418 8.87063 0
186 3000.00 854.81 33.018717 63.7808 0.142483 9.05055 0.194703 0 5.40257 0.450938 0.461296 0 0 5.35493 5.00944 0.68956 0.535884 8.92687 0
187 3000.00 849.82 32.211484 64.249 0.138337 8.79466 0.188887 0 5.19174 0.455276 0.424884 0 0 5.27242 5.04779 0.706228 0.549314 8.9815 0
188 3000.00 844.83 31.445601 64.7073 0.134358 8.54193 0.183358 0 4.98676 0.459537 0.390952 0 0 5.19294 5.08287 0.722794 0.562693 9.03449 0
189 3000.00 839.84 30.718702 65.1557 0.130534 8.29265 0.178097 0 4.7877 0.463727 0.359306 0 0 5.11636 5.11484 0.739244 0.576008 9.08583 0
190 3000.00 834.85 30.028579 65.5941 0.126856 8.04709 0.173086 0 4.59459 0.467851 0.329771 0 0 5.04254 5.14383 0.75556 0.589246 9.1355 0
191 3000.00 829.86 29.373165 66.0224 0.123316 7.80549 0.168308 0 4.40743 0.471915 0.30219 0 0 4.97134 5.16999 0.771727 0.602394 9.18347 0
192 3000.00 824.87 28.750520 66.4408 0.119906 7.56808 0.16375 0 4.22618 0.475922 0.276424 0 0 4.90262 5.19346 0.78773 0.61544 9.22971 0
193 3000.00 819.88 28.158819 66.8491 0.116619 7.33506 0.159396 0 4.05078 0.479879 0.252345 0 0 4.83624 5.21441 0.803557 0.628372 9.2742 0
194 3000.00 814.88 27.593527 67.2462 0.114414 7.10526 0.156246 0 3.88291 0.483869 0.229541 0 0 4.77083 5.23286 0.819271 0.641245 9.31736 0
195 3000.00 809.89 27.057442 67.6344 0.109458 6.88086 0.154438 0 3.71913 0.487676 0.208455 0 0 4.70923 5.24901 0.834742 0.65395 9.35868 0
196 3000.00 804.90 26.547351 68.0133 0.104629 6.66144 0.152372 0 3.56057 0.491458 0.188756 0 0 4.64963 5.26312 0.850007 0.666515 9.39822 0
197 3000.00 799.91 26.061815 68.3831 0.099919 6.44712 0.150044 0 3.4071 0.495221 0.170362 0 0 4.5919 5.27532 0.865055 0.678932 9.43594 0
198 3000.00 794.92 25.599581 68.7437 0.0954045 6.23791 0.147472 0 3.25875 0.498968 0.153224 0 0 4.53598 5.28573 0.879875 0.691191 9.47181 0
199 3000.00 789.93 25.159999 69.094 0.0915465 6.0335 0.144803 0 3.11616 0.502693 0.137403 0 0 4.48216 5.29424 0.894437 0.703267 9.50577 0
200 3000.00 784.94 24.741305 69.4353 0.0878686 5.83432 0.141923 0 2.97852 0.50641 0.122703 0 0 4.42999 5.30119 0.908752 0.715169 9.53782 0
201 3000.00 779.95 24.342372 69.7678 0.0843614 5.64041 0.138837 0 2.84573 0.510125 0.109068 0 0 4.37937 5.3067 0.922814 0.726889 9.56791 0
202 3000.00 774.96 23.962137 70.0916 0.0810162 5.45181 0.135553 0 2.71765 0.513842 0.0964464 0 0 4.33019 5.31089 0.936619 0.738424 9.59601 0
203 3000.00 769.96 23.599600 70.4068 0.0778245 5.26852 0.132077 0 2.59417 0.517569 0.0847896 0 0 4.28236 5.31387 0.950162 0.749767 9.62208 0
204 3000.00 764.97 23.253817 70.7137 0.0747787 5.09057 0.128418 0 2.47516 0.521311 0.0740538 0 0 4.2358 5.31575 0.96344 0.760916 9.64607 0
205 3000.00 759.98 22.923901 71.0125 0.0718714 4.91795 0.124586 0 2.36051 0.525075 0.0641984 0 0 4.19042 5.31664 0.976448 0.771867 9.66793 0
206 3000.00 754.99 22.609016 71.3033 0.0690957 4.75063 0.120592 0 2.25008 0.528866 0.0551854 0 0 4.14614 5.31662 0.989186 0.782617 9.68763 0
207 3000.00 750.00 22.308373 71.5865 0.0664451 4.5886 0.116448 0 2.14376 0.532694 0.0469796 0 0 4.10287 5.31581 1.00165 0.793164 9.70512 0