Bulk Composition:
index Pressure Temperature mass SiO2 TiO2 Al2O3 Fe2O3 Cr2O3 FeO MnO MgO NiO CoO CaO Na2O K2O P2O5 H2O CO2 
1 3000.00 1400.00 100.000000 47.6019 1.92573 12.3964 1.38765 0 11.2445 0.236033 6.21086 0 0 10.6365 2.33223 0.23135 0.177025 5.61984 0
2 3000.00 1397.00 100.000000 47.6019 1.92573 12.3964 1.38765 0 11.2445 0.236033 6.21086 0 0 10.6365 2.33223 0.23135 0.177025 5.61984 0
3 3000.00 1394.00 100.000000 47.6019 1.92573 12.3964 1.38765 0 11.2445 0.236033 6.21086 0 0 10.6365 2.33223 0.23135 0.177025 5.61984 0
4 3000.00 1391.00 100.000000 47.6019 1.92573 12.3964 1.38765 0 11.2445 0.236033 6.21086 0 0 10.6365 2.33223 0.23135 0.177025 5.61984 0
5 3000.00 1388.00 100.000000 47.6019 1.92573 12.3964 1.38765 0 11.2445 0.236033 6.21086 0 0 10.6365 2.33223 0.23135 0.177025 5.61984 0
6 3000.00 1385.00 100.000000 47.6019 1.92573 12.3964 1.38765 0 11.2445 0.236033 6.21086 0 0 10.6365 2.33223 0.23135 0.177025 5.61984 0
7 3000.00 1382.00 100.000000 47.6019 1.92573 12.3964 1.38765 0 11.2445 0.236033 6.21086 0 0 10.6365 2.33223 0.23135 0.177025 5.61984 0
8 3000.00 1379.00 100.000000 47.6019 1.92573 12.3964 1.38765 0 11.2445 0.236033 6.21086 0 0 10.6365 2.33223 0.23135 0.177025 5.61984 0
9 3000.00 1376.00 100.000000 47.6019 1.92573 12.3964 1.38765 0 11.2445 0.236033 6.21086 0 0 10.6365 2.33223 0.23135 0.177025 5.61984 0
10 3000.00 1373.00 100.000000 47.6019 1.92573 12.3964 1.38765 0 11.2445 0.236033 6.21086 0 0 10.6365 2.33223 0.23135 0.177025 5.61984 0
11 3000.00 1370.00 100.000000 47.6019 1.92573 12.3964 1.38765 0 11.2445 0.236033 6.21086 0 0 10.6365 2.33223 0.23135 0.177025 5.61984 0
12 3000.00 1367.00 100.000000 47.6019 1.92573 12.3964 1.38765 0 11.2445 0.236033 6.21086 0 0 10.6365 2.33223 0.23135 0.177025 5.61984 0
13 3000.00 1364.00 100.000000 47.6019 1.92573 12.3964 1.38765 0 11.2445 0.236033 6.21086 0 0 10.6365 2.33223 0.23135 0.177025 5.61984 0
14 3000.00 1361.00 100.000000 47.6019 1.92573 12.3964 1.38765 0 11.2445 0.236033 6.21086 0 0 10.6365 2.33223 0.23135 0.177025 5.61984 0
15 3000.00 1358.00 100.000000 47.6019 1.92573 12.3964 1.38765 0 11.2445 0.236033 6.21086 0 0 10.6365 2.33223 0.23135 0.177025 5.61984 0
16 3000.00 1355.00 100.000000 47.6019 1.92573 12.3964 1.38765 0 11.2445 0.236033 6.21086 0 0 10.6365 2.33223 0.23135 0.177025 5.61984 0
17 3000.00 1352.00 100.000000 47.6019 1.92573 12.3964 1.38765 0 11.2445 0.236033 6.21086 0 0 10.6365 2.33223 0.23135 0.177025 5.61984 0
18 3000.00 1349.00 100.000000 47.6019 1.92573 12.3964 1.38765 0 11.2445 0.236033 6.21086 0 0 10.6365 2.33223 0.23135 0.177025 5.61984 0
19 3000.00 1346.00 100.000000 47.6019 1.92573 12.3964 1.38765 0 11.2445 0.236033 6.21086 0 0 10.6365 2.33223 0.23135 0.177025 5.61984 0
20 3000.00 1343.00 100.000000 47.6019 1.92573 12.3964 1.38765 0 11.2445 0.236033 6.21086 0 0 10.6365 2.33223 0.23135 0.177025 5.61984 0
21 3000.00 1340.00 100.000000 47.6019 1.92573 12.3964 1.38765 0 11.2445 0.236033 6.21086 0 0 10.6365 2.33223 0.23135 0.177025 5.61984 0
22 3000.00 1337.00 100.000000 47.6019 1.92573 12.3964 1.38765 0 11.2445 0.236033 6.21086 0 0 10.6365 2.33223 0.23135 0.177025 5.61984 0
23 3000.00 1334.00 100.000000 47.6019 1.92573 12.3964 1.38765 0 11.2445 0.236033 6.21086 0 0 10.6365 2.33223 0.23135 0.177025 5.61984 0
24 3000.00 1331.00 100.000000 47.6019 1.92573 12.3964 1.38765 0 11.2445 0.236033 6.21086 0 0 10.6365 2.33223 0.23135 0.177025 5.61984 0
25 3000.00 1328.00 100.000000 47.6019 1.92573 12.3964 1.38765 0 11.2445 0.236033 6.21086 0 0 10.6365 2.33223 0.23135 0.177025 5.61984 0
26 3000.00 1325.00 100.000000 47.6019 1.92573 12.3964 1.38765 0 11.2445 0.236033 6.21086 0 0 10.6365 2.33223 0.23135 0.177025 5.61984 0
27 3000.00 1322.00 100.000000 47.6019 1.92573 12.3964 1.38765 0 11.2445 0.236033 6.21086 0 0 10.6365 2.33223 0.23135 0.177025 5.61984 0
28 3000.00 1319.00 100.000000 47.6019 1.92573 12.3964 1.38765 0 11.2445 0.236033 6.21086 0 0 10.6365 2.33223 0.23135 0.177025 5.61984 0
29 3000.00 1316.00 100.000000 47.6019 1.92573 12.3964 1.38765 0 11.2445 0.236033 6.21086 0 0 10.6365 2.33223 0.23135 0.177025 5.61984 0
30 3000.00 1313.00 100.000000 47.6019 1.92573 12.3964 1.38765 0 11.2445 0.236033 6.21086 0 0 10.6365 2.33223 0.23135 0.177025 5.61984 0
31 3000.00 1310.00 100.000000 47.6019 1.92573 12.3964 1.38765 0 11.2445 0.236033 6.21086 0 0 10.6365 2.33223 0.23135 0.177025 5.61984 0
32 3000.00 1307.00 100.000000 47.6019 1.92573 12.3964 1.38765 0 11.2445 0.236033 6.21086 0 0 10.6365 2.33223 0.23135 0.177025 5.61984 0
33 3000.00 1304.00 100.000000 47.6019 1.92573 12.3964 1.38765 0 11.2445 0.236033 6.21086 0 0 10.6365 2.33223 0.23135 0.177025 5.61984 0
34 3000.00 1301.00 100.000000 47.6019 1.92573 12.3964 1.38765 0 11.2445 0.236033 6.21086 0 0 10.6365 2.33223 0.23135 0.177025 5.61984 0
35 3000.00 1298.00 100.000000 47.6019 1.92573 12.3964 1.38765 0 11.2445 0.236033 6.21086 0 0 10.6365 2.33223 0.23135 0.177025 5.61984 0
36 3000.00 1295.00 100.000000 47.6019 1.92573 12.3964 1.38765 0 11.2445 0.236033 6.21086 0 0 10.6365 2.33223 0.23135 0.177025 5.61984 0
37 3000.00 1292.00 100.000000 47.6019 1.92573 12.3964 1.38765 0 11.2445 0.236033 6.21086 0 0 10.6365 2.33223 0.23135 0.177025 5.61984 0
38 3000.00 1289.00 100.000000 47.6019 1.92573 12.3964 1.38765 0 11.2445 0.236033 6.21086 0 0 10.6365 2.33223 0.23135 0.177025 5.61984 0
39 3000.00 1286.00 100.000000 47.6019 1.92573 12.3964 1.38765 0 11.2445 0.236033 6.21086 0 0 10.6365 2.33223 0.23135 0.177025 5.61984 0
40 3000.00 1283.00 100.000000 47.6019 1.92573 12.3964 1.38765 0 11.2445 0.236033 6.21086 0 0 10.6365 2.33223 0.23135 0.177025 5.61984 0
41 3000.00 1280.00 100.000000 47.6019 1.92573 12.3964 1.38765 0 11.2445 0.236033 6.21086 0 0 10.6365 2.33223 0.23135 0.177025 5.61984 0
42 3000.00 1277.00 100.000000 47.6019 1.92573 12.3964 1.38765 0 11.2445 0.236033 6.21086 0 0 10.6365 2.33223 0.23135 0.177025 5.61984 0
43 3000.00 1274.00 100.000000 47.6019 1.92573 12.3964 1.38765 0 11.2445 0.236033 6.21086 0 0 10.6365 2.33223 0.23135 0.177025 5.61984 0
44 3000.00 1271.00 100.000000 47.6019 1.92573 12.3964 1.38765 0 11.2445 0.236033 6.21086 0 0 10.6365 2.33223 0.23135 0.177025 5.61984 0
45 3000.00 1268.00 100.000000 47.6019 1.92573 12.3964 1.38765 0 11.2445 0.236033 6.21086 0 0 10.6365 2.33223 0.23135 0.177025 5.61984 0
46 3000.00 1265.00 100.000000 47.6019 1.92573 12.3964 1.38765 0 11.2445 0.236033 6.21086 0 0 10.6365 2.33223 0.23135 0.177025 5.61984 0
47 3000.00 1262.00 100.000000 47.6019 1.92573 12.3964 1.38765 0 11.2445 0.236033 6.21086 0 0 10.6365 2.33223 0.23135 0.177025 5.61984 0
48 3000.00 1259.00 100.000000 47.6019 1.92573 12.3964 1.38765 0 11.2445 0.236033 6.21086 0 0 10.6365 2.33223 0.23135 0.177025 5.61984 0
49 3000.00 1256.00 100.000000 47.6019 1.92573 12.3964 1.38765 0 11.2445 0.236033 6.21086 0 0 10.6365 2.33223 0.23135 0.177025 5.61984 0
50 3000.00 1253.00 100.000000 47.6019 1.92573 12.3964 1.38765 0 11.2445 0.236033 6.21086 0 0 10.6365 2.33223 0.23135 0.177025 5.61984 0
51 3000.00 1250.00 100.000000 47.6019 1.92573 12.3964 1.38765 0 11.2445 0.236033 6.21086 0 0 10.6365 2.33223 0.23135 0.177025 5.61984 0
52 3000.00 1247.00 100.000000 47.6019 1.92573 12.3964 1.38765 0 11.2445 0.236033 6.21086 0 0 10.6365 2.33223 0.23135 0.177025 5.61984 0
53 3000.00 1244.00 100.000000 47.6019 1.92573 12.3964 1.38765 0 11.2445 0.236033 6.21086 0 0 10.6365 2.33223 0.23135 0.177025 5.61984 0
54 3000.00 1241.00 100.000000 47.6019 1.92573 12.3964 1.38765 0 11.2445 0.236033 6.21086 0 0 10.6365 2.33223 0.23135 0.177025 5.61984 0
55 3000.00 1238.00 100.000000 47.6019 1.92573 12.3964 1.38765 0 11.2445 0.236033 6.21086 0 0 10.6365 2.33223 0.23135 0.177025 5.61984 0
56 3000.00 1235.00 100.000000 47.6019 1.92573 12.3964 1.38765 0 11.2445 0.236033 6.21086 0 0 10.6365 2.33223 0.23135 0.177025 5.61984 0
57 3000.00 1232.00 100.000000 47.6019 1.92573 12.3964 1.38765 0 11.2445 0.236033 6.21086 0 0 10.6365 2.33223 0.23135 0.177025 5.61984 0
58 3000.00 1229.00 100.000000 47.6019 1.92573 12.3964 1.38765 0 11.2445 0.236033 6.21086 0 0 10.6365 2.33223 0.23135 0.177025 5.61984 0
59 3000.00 1226.00 100.000000 47.6019 1.92573 12.3964 1.38765 0 11.2445 0.236033 6.21086 0 0 10.6365 2.33223 0.23135 0.177025 5.61984 0
60 3000.00 1223.00 100.000000 47.6019 1.92573 12.3964 1.38765 0 11.2445 0.236033 6.21086 0 0 10.6365 2.33223 0.23135 0.177025 5.61984 0
61 3000.00 1220.00 100.000000 47.6019 1.92573 12.3964 1.38765 0 11.2445 0.236033 6.21086 0 0 10.6365 2.33223 0.23135 0.177025 5.61984 0
62 3000.00 1217.00 100.000000 47.6019 1.92573 12.3964 1.38765 0 11.2445 0.236033 6.21086 0 0 10.6365 2.33223 0.23135 0.177025 5.61984 0
63 3000.00 1214.00 100.000000 47.6019 1.92573 12.3964 1.38765 0 11.2445 0.236033 6.21086 0 0 10.6365 2.33223 0.23135 0.177025 5.61984 0
64 3000.00 1211.00 100.000000 47.6019 1.92573 12.3964 1.38765 0 11.2445 0.236033 6.21086 0 0 10.6365 2.33223 0.23135 0.177025 5.61984 0
65 3000.00 1208.00 100.000000 47.6019 1.92573 12.3964 1.38765 0 11.2445 0.236033 6.21086 0 0 10.6365 2.33223 0.23135 0.177025 5.61984 0
66 3000.00 1205.00 100.000000 47.6019 1.92573 12.3964 1.38765 0 11.2445 0.236033 6.21086 0 0 10.6365 2.33223 0.23135 0.177025 5.61984 0
67 3000.00 1202.00 100.000000 47.6019 1.92573 12.3964 1.38765 0 11.2445 0.236033 6.21086 0 0 10.6365 2.33223 0.23135 0.177025 5.61984 0
68 3000.00 1199.00 100.000000 47.6019 1.92573 12.3964 1.38765 0 11.2445 0.236033 6.21086 0 0 10.6365 2.33223 0.23135 0.177025 5.61984 0
69 3000.00 1196.00 100.000000 47.6019 1.92573 12.3964 1.38765 0 11.2445 0.236033 6.21086 0 0 10.6365 2.33223 0.23135 0.177025 5.61984 0
70 3000.00 1193.00 100.000000 47.6019 1.92573 12.3964 1.38765 0 11.2445 0.236033 6.21086 0 0 10.6365 2.33223 0.23135 0.177025 5.61984 0
71 3000.00 1190.00 100.000000 47.6019 1.92573 12.3964 1.38765 0 11.2445 0.236033 6.21086 0 0 10.6365 2.33223 0.23135 0.177025 5.61984 0
72 3000.00 1187.00 100.000000 47.6019 1.92573 12.3964 1.38765 0 11.2445 0.236033 6.21086 0 0 10.6365 2.33223 0.23135 0.177025 5.61984 0
73 3000.00 1184.00 100.000000 47.6019 1.92573 12.3964 1.38765 0 11.2445 0.236033 6.21086 0 0 10.6365 2.33223 0.23135 0.177025 5.61984 0
74 3000.00 1181.00 100.000000 47.6019 1.92573 12.3964 1.38765 0 11.2445 0.236033 6.21086 0 0 10.6365 2.33223 0.23135 0.177025 5.61984 0
75 3000.00 1178.00 100.000000 47.6019 1.92573 12.3964 1.38765 0 11.2445 0.236033 6.21086 0 0 10.6365 2.33223 0.23135 0.177025 5.61984 0
76 3000.00 1175.00 100.000000 47.6019 1.92573 12.3964 1.38765 0 11.2445 0.236033 6.21086 0 0 10.6365 2.33223 0.23135 0.177025 5.61984 0
77 3000.00 1172.00 100.000000 47.6019 1.92573 12.3964 1.38765 0 11.2445 0.236033 6.21086 0 0 10.6365 2.33223 0.23135 0.177025 5.61984 0
78 3000.00 1169.00 100.000000 47.6019 1.92573 12.3964 1.38765 0 11.2445 0.236033 6.21086 0 0 10.6365 2.33223 0.23135 0.177025 5.61984 0
79 3000.00 1166.00 100.000000 47.6019 1.92573 12.3964 1.38765 0 11.2445 0.236033 6.21086 0 0 10.6365 2.33223 0.23135 0.177025 5.61984 0
80 3000.00 1163.00 100.000000 47.6019 1.92573 12.3964 1.38765 0 11.2445 0.236033 6.21086 0 0 10.6365 2.33223 0.23135 0.177025 5.61984 0
81 3000.00 1160.00 100.000000 47.6019 1.92573 12.3964 1.38765 0 11.2445 0.236033 6.21086 0 0 10.6365 2.33223 0.23135 0.177025 5.61984 0
82 3000.00 1157.00 100.000000 47.6019 1.92573 12.3964 1.38765 0 11.2445 0.236033 6.21086 0 0 10.6365 2.33223 0.23135 0.177025 5.61984 0
83 3000.00 1154.00 100.000000 47.6019 1.92573 12.3964 1.38765 0 11.2445 0.236033 6.21086 0 0 10.6365 2.33223 0.23135 0.177025 5.61984 0
84 3000.00 1151.00 100.000000 47.6019 1.92573 12.3964 1.38765 0 11.2445 0.236033 6.21086 0 0 10.6365 2.33223 0.23135 0.177025 5.61984 0
85 3000.00 1148.00 100.000000 47.6019 1.92573 12.3964 1.38765 0 11.2445 0.236033 6.21086 0 0 10.6365 2.33223 0.23135 0.177025 5.61984 0
86 3000.00 1145.00 100.000000 47.6019 1.92573 12.3964 1.38765 0 11.2445 0.236033 6.21086 0 0 10.6365 2.33223 0.23135 0.177025 5.61984 0
87 3000.00 1142.00 100.000000 47.6019 1.92573 12.3964 1.38765 0 11.2445 0.236033 6.21086 0 0 10.6365 2.33223 0.23135 0.177025 5.61984 0
88 3000.00 1139.00 100.000000 47.6019 1.92573 12.3964 1.38765 0 11.2445 0.236033 6.21086 0 0 10.6365 2.33223 0.23135 0.177025 5.61984 0
89 3000.00 1136.00 100.000000 47.6019 1.92573 12.3964 1.38765 0 11.2445 0.236033 6.21086 0 0 10.6365 2.33223 0.23135 0.177025 5.61984 0
90 3000.00 1133.00 100.000000 47.6019 1.92573 12.3964 1.38765 0 11.2445 0.236033 6.21086 0 0 10.6365 2.33223 0.23135 0.177025 5.61984 0
91 3000.00 1130.00 100.000000 47.6019 1.92573 12.3964 1.38765 0 11.2445 0.236033 6.21086 0 0 10.6365 2.33223 0.23135 0.177025 5.61984 0
92 3000.00 1127.00 100.000000 47.6019 1.92573 12.3964 1.38765 0 11.2445 0.236033 6.21086 0 0 10.6365 2.33223 0.23135 0.177025 5.61984 0
93 3000.00 1124.00 100.000000 47.6019 1.92573 12.3964 1.38765 0 11.2445 0.236033 6.21086 0 0 10.6365 2.33223 0.23135 0.177025 5.61984 0
94 3000.00 1121.00 100.000000 47.6019 1.92573 12.3964 1.38765 0 11.2445 0.236033 6.21086 0 0 10.6365 2.33223 0.23135 0.177025 5.61984 0
95 3000.00 1118.00 100.000000 47.6019 1.92573 12.3964 1.38765 0 11.2445 0.236033 6.21086 0 0 10.6365 2.33223 0.23135 0.177025 5.61984 0
96 3000.00 1115.00 100.000000 47.6019 1.92573 12.3964 1.38765 0 11.2445 0.236033 6.21086 0 0 10.6365 2.33223 0.23135 0.177025 5.61984 0
97 3000.00 1116.00 100.000000 47.6019 1.92573 12.3964 1.38765 0 11.2445 0.236033 6.21086 0 0 10.6365 2.33223 0.23135 0.177025 5.61984 0
98 3000.00 1115.00 100.000000 47.6019 1.92573 12.3964 1.38765 0 11.2445 0.236033 6.21086 0 0 10.6365 2.33223 0.23135 0.177025 5.61984 0
99 3000.00 1115.10 100.000000 47.6019 1.92573 12.3964 1.38765 0 11.2445 0.236033 6.21086 0 0 10.6365 2.33223 0.23135 0.177025 5.61984 0
100 3000.00 1115.20 100.000000 47.6019 1.92573 12.3964 1.38765 0 11.2445 0.236033 6.21086 0 0 10.6365 2.33223 0.23135 0.177025 5.61984 0
101 3000.00 1115.30 100.000000 47.6019 1.92573 12.3964 1.38765 0 11.2445 0.236033 6.21086 0 0 10.6365 2.33223 0.23135 0.177025 5.61984 0
102 3000.00 1115.40 100.000000 47.6019 1.92573 12.3964 1.38765 0 11.2445 0.236033 6.21086 0 0 10.6365 2.33223 0.23135 0.177025 5.61984 0
103 3000.00 1115.50 100.000000 47.6019 1.92573 12.3964 1.38765 0 11.2445 0.236033 6.21086 0 0 10.6365 2.33223 0.23135 0.177025 5.61984 0
104 3000.00 1115.60 100.000000 47.6019 1.92573 12.3964 1.38765 0 11.2445 0.236033 6.21086 0 0 10.6365 2.33223 0.23135 0.177025 5.61984 0
105 3000.00 1115.70 100.000000 47.6019 1.92573 12.3964 1.38765 0 11.2445 0.236033 6.21086 0 0 10.6365 2.33223 0.23135 0.177025 5.61984 0
106 3000.00 1115.60 100.000000 47.6019 1.92573 12.3964 1.38765 0 11.2445 0.236033 6.21086 0 0 10.6365 2.33223 0.23135 0.177025 5.61984 0
107 3000.00 1116.00 100.000000 47.6019 1.92573 12.3964 1.38765 0 11.2445 0.236033 6.21086 0 0 10.6365 2.33223 0.23135 0.177025 5.61984 0
108 3000.00 1115.70 100.000000 47.6019 1.92573 12.3964 1.38765 0 11.2445 0.236033 6.21086 0 0 10.6365 2.33223 0.23135 0.177025 5.61984 0
109 3000.00 1115.80 100.000000 47.6019 1.92573 12.3964 1.38765 0 11.2445 0.236033 6.21086 0 0 10.6365 2.33223 0.23135 0.177025 5.61984 0
110 3000.00 1110.79 100.000000 47.6019 1.92573 12.3964 1.38765 0 11.2445 0.236033 6.21086 0 0 10.6365 2.33223 0.23135 0.177025 5.61984 0
111 3000.00 1105.78 99.696602 47.7468 1.86247 12.4155 1.32222 0 11.1597 0.236752 6.20184 0 0 10.6689 2.33933 0.232054 0.177564 5.63694 0
112 3000.00 1100.77 99.394043 47.8921 1.79885 12.4346 1.25705 0 11.0743 0.237472 6.19291 0 0 10.7013 2.34645 0.23276 0.178104 5.6541 0
113 3000.00 1095.76 99.105893 48.0314 1.73775 12.4527 1.1951 0 10.9921 0.238163 6.18445 0 0 10.7324 2.35327 0.233437 0.178622 5.67054 0
114 3000.00 1090.75 98.831200 48.1649 1.67902 12.47 1.13618 0 10.9131 0.238825 6.17644 0 0 10.7623 2.35981 0.234086 0.179118 5.6863 0
115 3000.00 1085.73 98.569098 48.2929 1.62252 12.4865 1.08014 0 10.8369 0.23946 6.16884 0 0 10.7909 2.36609 0.234708 0.179595 5.70142 0
116 3000.00 1080.72 98.318800 48.4159 1.56812 12.5022 1.02682 0 10.7635 0.240069 6.16164 0 0 10.8184 2.37211 0.235306 0.180052 5.71594 0
117 3000.00 1075.71 98.079584 48.534 1.5157 12.5171 0.976091 0 10.6927 0.240655 6.1548 0 0 10.8447 2.3779 0.23588 0.180491 5.72988 0
118 3000.00 1070.70 97.850789 48.6474 1.46516 12.5315 0.927808 0 10.6244 0.241218 6.14831 0 0 10.8701 2.38346 0.236431 0.180913 5.74327 0
119 3000.00 1065.69 97.631809 48.7566 1.41641 12.5451 0.881849 0 10.5584 0.241759 6.14214 0 0 10.8945 2.3888 0.236962 0.181319 5.75616 0
120 3000.00 1060.68 97.422085 48.8615 1.36934 12.5582 0.838098 0 10.4947 0.242279 6.13628 0 0 10.9179 2.39395 0.237472 0.181709 5.76855 0
121 3000.00 1055.67 96.590689 49.032 1.3157 12.6214 0.803812 0 10.3881 0.243088 5.97647 0 0 10.9642 2.41425 0.239516 0.183273 5.8182 0
122 3000.00 1050.66 94.938769 49.2929 1.18992 12.6461 0.788948 0 10.3734 0.245806 5.77602 0 0 10.8829 2.45446 0.243683 0.186462 5.91944 0
123 3000.00 1045.65 93.408240 49.5387 1.07465 12.6754 0.774614 0 10.3508 0.248323 5.58191 0 0 10.8089 2.49299 0.247676 0.189517 6.01643 0
124 3000.00 1040.64 91.980163 49.7709 0.968884 12.7092 0.76061 0 10.3214 0.250669 5.39368 0 0 10.7408 2.5301 0.251522 0.19246 6.10984 0
125 3000.00 1035.62 90.637051 49.9903 0.871938 12.7475 0.746681 0 10.2861 0.252879 5.21082 0 0 10.6768 2.56605 0.255249 0.195312 6.20038 0
126 3000.00 1030.61 89.078366 50.1646 0.796678 12.8205 0.727001 0 10.2796 0.25616 5.02315 0 0 10.5565 2.60852 0.259715 0.198729 6.30887 0
127 3000.00 1025.60 87.332902 50.301 0.739448 12.9236 0.702267 0 10.2996 0.260486 4.83034 0 0 10.3832 2.65738 0.264906 0.202701 6.43496 0
128 3000.00 1020.59 85.673959 50.4326 0.686325 13.0275 0.678264 0 10.3136 0.264734 4.64173 0 0 10.2134 2.70563 0.270035 0.206626 6.55957 0
129 3000.00 1015.58 84.094583 50.56 0.637011 13.1319 0.654932 0 10.3214 0.268907 4.45724 0 0 10.047 2.75328 0.275107 0.210507 6.68276 0
130 3000.00 1010.57 82.588520 50.6836 0.59123 13.2366 0.632221 0 10.3231 0.273004 4.27674 0 0 9.88398 2.80036 0.280124 0.214346 6.80462 0
131 3000.00 1005.56 81.150141 50.8041 0.548725 13.3416 0.610082 0 10.3186 0.277027 4.10015 0 0 9.72427 2.84692 0.285089 0.218145 6.92524 0
132 3000.00 1000.55 79.774365 50.9219 0.509255 13.4468 0.588475 0 10.3078 0.280975 3.92738 0 0 9.56789 2.89297 0.290005 0.221907 7.04467 0
133 3000.00 995.54 78.456601 51.0375 0.472599 13.552 0.567362 0 10.2905 0.284848 3.75835 0 0 9.41484 2.93854 0.294876 0.225634 7.16299 0
134 3000.00 990.53 77.192692 51.1512 0.438551 13.6572 0.546709 0 10.2667 0.288647 3.593 0 0 9.2651 2.98366 0.299705 0.229329 7.28027 0
135 3000.00 985.52 75.468882 51.3446 0.406045 13.8199 0.51921 0 10.2592 0.294364 3.38976 0 0 9.06409 3.04751 0.30655 0.234567 7.31422 0
136 3000.00 980.50 73.836047 51.5377 0.376488 13.9816 0.492805 0 10.2406 0.299946 3.19235 0 0 8.8695 3.11065 0.313329 0.239754 7.34529 0
137 3000.00 975.49 72.290190 51.7301 0.349476 14.1418 0.467412 0 10.2105 0.305376 3.00107 0 0 8.68146 3.17294 0.32003 0.244881 7.37498 0
138 3000.00 970.48 70.824675 51.9225 0.324688 14.3002 0.442956 0 10.1685 0.310644 2.81594 0 0 8.50008 3.23442 0.326652 0.249948 7.40345 0
139 3000.00 965.47 69.433358 52.1155 0.30186 14.4569 0.419367 0 10.1142 0.315739 2.637 0 0 8.32538 3.29508 0.333197 0.254957 7.43083 0
140 3000.00 960.46 68.110642 52.3095 0.280776 14.6117 0.396586 0 10.0474 0.320656 2.46432 0 0 8.1573 3.35495 0.339668 0.259908 7.45721 0
141 3000.00 955.45 65.192266 52.81 0.278668 14.3937 0.397903 0 9.95616 0.32966 2.2788 0 0 7.94358 3.46147 0.354665 0.271543 7.52385 0
142 3000.00 950.44 62.427361 53.3412 0.271592 14.1489 0.401903 0 9.83208 0.33825 2.10601 0 0 7.74323 3.56759 0.370142 0.283569 7.59547 0
143 3000.00 945.43 59.815950 53.9051 0.262158 13.8901 0.39337 0 9.66578 0.346524 1.94642 0 0 7.5624 3.67291 0.38605 0.295949 7.67324 0
144 3000.00 940.42 57.359419 54.489 0.252231 13.6255 0.374937 0 9.46854 0.354568 1.79857 0 0 7.39468 3.77693 0.402315 0.308624 7.75408 0
145 3000.00 935.41 55.079128 55.0732 0.242958 13.3595 0.357886 0 9.25638 0.362238 1.66155 0 0 7.23432 3.87804 0.418689 0.321401 7.83383 0
146 3000.00 930.39 52.956987 55.6568 0.23416 13.0923 0.341888 0 9.03203 0.36957 1.53466 0 0 7.08044 3.97614 0.435171 0.334281 7.91251 0
147 3000.00 925.38 50.978509 56.2386 0.225809 12.8241 0.326864 0 8.79805 0.376582 1.41731 0 0 6.93259 4.07105 0.45175 0.347254 7.99003 0
148 3000.00 920.37 49.130839 56.8173 0.217891 12.5551 0.312764 0 8.55675 0.383294 1.3089 0 0 6.79045 4.16256 0.468413 0.360313 8.06627 0
149 3000.00 915.36 47.403215 57.3915 0.210481 12.2854 0.299661 0 8.31026 0.389719 1.20888 0 0 6.65395 4.25047 0.485142 0.373445 8.14107 0
150 3000.00 910.35 45.785945 57.9601 0.203659 12.0152 0.287621 0 8.06049 0.395867 1.11669 0 0 6.52301 4.33459 0.501919 0.386636 8.21426 0
151 3000.00 905.34 44.266547 58.5238 0.196726 11.7444 0.276332 0 7.80894 0.401789 1.03149 0 0 6.39644 4.41508 0.518769 0.399907 8.2863 0
152 3000.00 900.33 42.838407 59.0812 0.190114 11.4734 0.265789 0 7.55705 0.407493 0.952847 0 0 6.2746 4.49171 0.535667 0.413239 8.35688 0
153 3000.00 895.32 41.494106 59.6316 0.183811 11.2024 0.255924 0 7.30604 0.412998 0.880234 0 0 6.15733 4.56443 0.552605 0.426627 8.42596 0
154 3000.00 890.31 40.227056 60.1745 0.177803 10.9318 0.246678 0 7.05694 0.418323 0.813149 0 0 6.04446 4.63321 0.569573 0.440064 8.49353 0
155 3000.00 885.30 39.031412 60.7095 0.172075 10.6616 0.237994 0 6.81062 0.423485 0.751126 0 0 5.93583 4.69805 0.586561 0.453545 8.55959 0
156 3000.00 880.28 37.901987 61.2361 0.166613 10.3924 0.229823 0 6.56781 0.4285 0.693737 0 0 5.83128 4.75897 0.603559 0.46706 8.62411 0
157 3000.00 875.27 36.834162 61.7542 0.1614 10.1243 0.22212 0 6.32913 0.433382 0.640587 0 0 5.73067 4.81601 0.620554 0.4806 8.68709 0
158 3000.00 870.26 35.823804 62.2632 0.156423 9.85773 0.214847 0 6.09508 0.438142 0.591315 0 0 5.63385 4.86922 0.63753 0.494154 8.74851 0
159 3000.00 865.25 34.867198 62.763 0.151665 9.59301 0.20797 0 5.86607 0.442793 0.545594 0 0 5.54068 4.91868 0.654473 0.507712 8.80836 0
160 3000.00 860.24 33.960982 63.2533 0.147114 9.33048 0.201456 0 5.6424 0.447343 0.503123 0 0 5.45102 4.96449 0.671367 0.52126 8.86662 0
161 3000.00 855.23 33.102088 63.734 0.142756 9.07048 0.19528 0 5.42433 0.451801 0.463634 0 0 5.36471 5.00675 0.688194 0.534785 8.92328 0
162 3000.00 850.22 32.287702 64.2049 0.138579 8.81333 0.189417 0 5.21204 0.456174 0.426881 0 0 5.28161 5.04558 0.704939 0.548274 8.97831 0
163 3000.00 845.21 31.515229 64.6658 0.13457 8.55934 0.183844 0 5.00564 0.460469 0.392646 0 0 5.20159 5.08113 0.721583 0.561712 9.0317 0
164 3000.00 840.20 30.782256 65.1167 0.13072 8.30881 0.178542 0 4.80521 0.464692 0.360728 0 0 5.1245 5.11351 0.738109 0.575088 9.08343 0
165 3000.00 835.19 30.086535 65.5575 0.127017 8.06201 0.173494 0 4.61079 0.468848 0.330952 0 0 5.0502 5.14288 0.754503 0.588386 9.13346 0
166 3000.00 830.18 29.425963 65.9882 0.123454 7.81919 0.168682 0 4.42236 0.472942 0.303157 0 0 4.97854 5.16939 0.770747 0.601594 9.18179 0
167 3000.00 825.16 28.798565 66.4087 0.120022 7.58058 0.164091 0 4.2399 0.47698 0.277199 0 0 4.90939 5.19319 0.786827 0.614701 9.22838 0
168 3000.00 820.15 28.202487 66.8193 0.116715 7.34639 0.159708 0 4.06335 0.480965 0.252951 0 0 4.84262 5.21442 0.802729 0.627693 9.2732 0
169 3000.00 815.14 27.633173 67.2185 0.114656 7.11552 0.156267 0 3.8943 0.484993 0.229997 0 0 4.77681 5.23314 0.818517 0.640625 9.31666 0
170 3000.00 810.13 27.093369 67.6087 0.109665 6.88999 0.154451 0 3.72948 0.488827 0.208778 0 0 4.71486 5.24953 0.834062 0.653388 9.35829 0
171 3000.00 805.12 26.579855 67.9895 0.104803 6.66949 0.152376 0 3.56992 0.492635 0.188962 0 0 4.65493 5.26385 0.849399 0.666012 9.39813 0
172 3000.00 800.11 26.091169 68.3611 0.100062 6.45412 0.150036 0 3.4155 0.496424 0.170465 0 0 4.59689 5.27624 0.864518 0.678486 9.43613 0
173 3000.00 795.10 25.626065 68.7234 0.0955397 6.24389 0.147456 0 3.26629 0.500196 0.153244 0 0 4.54069 5.2868 0.879407 0.6908 9.47227 0
174 3000.00 790.09 25.183828 69.0754 0.0916601 6.0385 0.144772 0 3.12285 0.503946 0.137346 0 0 4.4866 5.29546 0.894036 0.702931 9.50649 0
175 3000.00 785.08 24.762696 69.4183 0.0879625 5.83839 0.141876 0 2.98442 0.507687 0.122581 0 0 4.43417 5.30254 0.908416 0.714886 9.53878 0
176 3000.00 780.07 24.361524 69.7522 0.0844372 5.64359 0.138773 0 2.85087 0.511426 0.108892 0 0 4.38331 5.30816 0.922542 0.726658 9.5691 0
177 3000.00 775.05 23.979235 70.0774 0.0810754 5.45414 0.135469 0 2.72208 0.515168 0.0962243 0 0 4.3339 5.31245 0.936408 0.738243 9.59741 0
178 3000.00 770.04 23.614815 70.394 0.0778685 5.27006 0.131972 0 2.59794 0.518919 0.0845309 0 0 4.28586 5.31552 0.95001 0.749635 9.62368 0
179 3000.00 765.03 23.267306 70.7022 0.0748087 5.09135 0.128291 0 2.47831 0.522686 0.0737668 0 0 4.23909 5.31747 0.963344 0.760831 9.64785 0
180 3000.00 760.02 22.935810 71.0022 0.0718886 4.918 0.124436 0 2.36307 0.526474 0.0638906 0 0 4.19352 5.31842 0.976407 0.771828 9.66988 0
181 3000.00 755.01 22.619479 71.2942 0.0691013 4.75002 0.120417 0 2.25209 0.530291 0.0548639 0 0 4.14905 5.31847 0.989198 0.782622 9.68973 0
182 3000.00 750.00 22.317513 71.5783 0.0664401 4.58736 0.116247 0 2.14526 0.534144 0.046651 0 0 4.1056 5.3177 1.00171 0.793211 9.70734 0