Solid Composition:
index Pressure Temperature mass SiO2 TiO2 Al2O3 Fe2O3 Cr2O3 FeO MnO MgO NiO CoO CaO Na2O K2O P2O5 H2O 
1 5000.00 1400.00 0.000000 ---
2 3000.00 1397.00 0.000000 ---
2 5000.00 1397.00 0.000000 ---
2 7000.00 1397.00 0.000000 ---
2 1000.00 1397.00 0.000000 ---
3 3000.00 1394.00 0.000000 ---
3 5000.00 1394.00 0.000000 ---
3 1000.00 1394.00 0.000000 ---
3 7000.00 1394.00 0.000000 ---
4 3000.00 1391.00 0.000000 ---
4 5000.00 1391.00 0.000000 ---
4 1000.00 1391.00 0.000000 ---
4 7000.00 1391.00 0.000000 ---
5 3000.00 1388.00 0.000000 ---
5 1000.00 1388.00 0.000000 ---
5 5000.00 1388.00 0.000000 ---
5 7000.00 1388.00 0.000000 ---
6 3000.00 1385.00 0.000000 ---
6 1000.00 1385.00 0.000000 ---
6 5000.00 1385.00 0.000000 ---
6 7000.00 1385.00 0.000000 ---
7 3000.00 1382.00 0.000000 ---
7 1000.00 1382.00 0.000000 ---
7 5000.00 1382.00 0.000000 ---
8 3000.00 1379.00 0.000000 ---
7 7000.00 1382.00 0.000000 ---
8 1000.00 1379.00 0.000000 ---
8 5000.00 1379.00 0.000000 ---
9 3000.00 1376.00 0.000000 ---
8 7000.00 1379.00 0.000000 ---
9 1000.00 1376.00 0.000000 ---
9 5000.00 1376.00 0.000000 ---
10 3000.00 1373.00 0.000000 ---
9 7000.00 1376.00 0.000000 ---
10 1000.00 1373.00 0.000000 ---
10 5000.00 1373.00 0.000000 ---
11 3000.00 1370.00 0.000000 ---
10 7000.00 1373.00 0.000000 ---
11 1000.00 1370.00 0.000000 ---
11 5000.00 1370.00 0.000000 ---
12 3000.00 1367.00 0.000000 ---
11 7000.00 1370.00 0.000000 ---
12 1000.00 1367.00 0.000000 ---
12 5000.00 1367.00 0.000000 ---
13 3000.00 1364.00 0.000000 ---
12 7000.00 1367.00 0.000000 ---
13 1000.00 1364.00 0.000000 ---
13 5000.00 1364.00 0.000000 ---
14 3000.00 1361.00 0.000000 ---
13 7000.00 1364.00 0.000000 ---
14 1000.00 1361.00 0.000000 ---
14 5000.00 1361.00 0.000000 ---
15 3000.00 1358.00 0.000000 ---
14 7000.00 1361.00 0.000000 ---
15 1000.00 1358.00 0.000000 ---
15 5000.00 1358.00 0.000000 ---
16 3000.00 1355.00 0.000000 ---
15 7000.00 1358.00 0.000000 ---
16 1000.00 1355.00 0.000000 ---
16 5000.00 1355.00 0.000000 ---
17 3000.00 1352.00 0.000000 ---
16 7000.00 1355.00 0.000000 ---
17 1000.00 1352.00 0.000000 ---
17 5000.00 1352.00 0.000000 ---
18 3000.00 1349.00 0.000000 ---
17 7000.00 1352.00 0.000000 ---
18 1000.00 1349.00 0.000000 ---
18 5000.00 1349.00 0.000000 ---
19 3000.00 1346.00 0.000000 ---
18 7000.00 1349.00 0.000000 ---
19 1000.00 1346.00 0.000000 ---
19 5000.00 1346.00 0.000000 ---
20 3000.00 1343.00 0.000000 ---
19 7000.00 1346.00 0.000000 ---
20 1000.00 1343.00 0.000000 ---
20 5000.00 1343.00 0.000000 ---
21 3000.00 1340.00 0.000000 ---
20 7000.00 1343.00 0.000000 ---
21 1000.00 1340.00 0.000000 ---
21 5000.00 1340.00 0.000000 ---
22 3000.00 1337.00 0.000000 ---
21 7000.00 1340.00 0.000000 ---
22 1000.00 1337.00 0.000000 ---
22 5000.00 1337.00 0.000000 ---
23 3000.00 1334.00 0.000000 ---
22 7000.00 1337.00 0.000000 ---
23 1000.00 1334.00 0.000000 ---
23 5000.00 1334.00 0.000000 ---
24 3000.00 1331.00 0.000000 ---
23 7000.00 1334.00 0.000000 ---
24 1000.00 1331.00 0.000000 ---
24 5000.00 1331.00 0.000000 ---
25 3000.00 1328.00 0.000000 ---
24 7000.00 1331.00 0.000000 ---
25 1000.00 1328.00 0.000000 ---
25 5000.00 1328.00 0.000000 ---
26 3000.00 1325.00 0.000000 ---
25 7000.00 1328.00 0.000000 ---
26 1000.00 1325.00 0.000000 ---
26 5000.00 1325.00 0.000000 ---
27 3000.00 1322.00 0.000000 ---
26 7000.00 1325.00 0.000000 ---
27 1000.00 1322.00 0.000000 ---
27 5000.00 1322.00 0.000000 ---
28 3000.00 1319.00 0.000000 ---
27 7000.00 1322.00 0.000000 ---
28 1000.00 1319.00 0.000000 ---
28 5000.00 1319.00 0.000000 ---
29 3000.00 1316.00 0.000000 ---
28 7000.00 1319.00 0.000000 ---
29 1000.00 1316.00 0.000000 ---
29 5000.00 1316.00 0.000000 ---
30 3000.00 1313.00 0.000000 ---
29 7000.00 1316.00 0.000000 ---
30 1000.00 1313.00 0.000000 ---
30 5000.00 1313.00 0.000000 ---
31 3000.00 1310.00 0.000000 ---
30 7000.00 1313.00 0.000000 ---
31 1000.00 1310.00 0.000000 ---
31 5000.00 1310.00 0.000000 ---
32 3000.00 1307.00 0.000000 ---
31 7000.00 1310.00 0.000000 ---
32 1000.00 1307.00 0.000000 ---
32 5000.00 1307.00 0.000000 ---
33 3000.00 1304.00 0.000000 ---
32 7000.00 1307.00 0.000000 ---
33 1000.00 1304.00 0.000000 ---
33 5000.00 1304.00 0.000000 ---
34 3000.00 1301.00 0.000000 ---
33 7000.00 1304.00 0.000000 ---
34 1000.00 1301.00 0.000000 ---
35 3000.00 1298.00 0.000000 ---
34 5000.00 1301.00 0.000000 ---
34 7000.00 1301.00 0.000000 ---
35 1000.00 1298.00 0.000000 ---
36 3000.00 1295.00 0.000000 ---
35 5000.00 1298.00 0.000000 ---
35 7000.00 1298.00 0.000000 ---
36 1000.00 1295.00 0.000000 ---
37 3000.00 1292.00 0.000000 ---
36 5000.00 1295.00 0.000000 ---
36 7000.00 1295.00 0.000000 ---
37 1000.00 1292.00 0.000000 ---
38 3000.00 1289.00 0.000000 ---
37 5000.00 1292.00 0.000000 ---
37 7000.00 1292.00 0.000000 ---
38 1000.00 1289.00 0.000000 ---
39 3000.00 1286.00 0.000000 ---
38 5000.00 1289.00 0.000000 ---
38 7000.00 1289.00 0.000000 ---
39 1000.00 1286.00 0.000000 ---
40 3000.00 1283.00 0.000000 ---
39 5000.00 1286.00 0.000000 ---
40 1000.00 1283.00 0.000000 ---
39 7000.00 1286.00 0.000000 ---
41 3000.00 1280.00 0.000000 ---
40 5000.00 1283.00 0.000000 ---
41 1000.00 1280.00 0.000000 ---
40 7000.00 1283.00 0.000000 ---
42 3000.00 1277.00 0.000000 ---
41 5000.00 1280.00 0.000000 ---
41 7000.00 1280.00 0.000000 ---
42 1000.00 1277.00 0.000000 ---
43 3000.00 1274.00 0.000000 ---
42 5000.00 1277.00 0.000000 ---
42 7000.00 1277.00 0.000000 ---
43 1000.00 1274.00 0.000000 ---
44 3000.00 1271.00 0.000000 ---
43 5000.00 1274.00 0.000000 ---
43 7000.00 1274.00 0.000000 ---
44 1000.00 1271.00 0.000000 ---
45 3000.00 1268.00 0.000000 ---
44 5000.00 1271.00 0.000000 ---
44 7000.00 1271.00 0.000000 ---
45 1000.00 1268.00 0.000000 ---
45 5000.00 1268.00 0.000000 ---
45 7000.00 1268.00 0.000000 ---
46 3000.00 1265.00 0.000000 ---
47 3000.00 1262.00 0.000000 ---
46 1000.00 1265.00 0.000000 ---
48 3000.00 1259.00 0.000000 ---
46 5000.00 1265.00 0.000000 ---
46 7000.00 1265.00 0.944280 51.4981 0.335498 4.22554 1.41476 0 8.1827 0 17.6012 0 0 16.4819 0.26024 0 0 0
47 1000.00 1262.00 0.000000 ---
49 3000.00 1256.00 0.000000 ---
47 5000.00 1262.00 0.000000 ---
47 7000.00 1266.00 0.440641 51.5437 0.328538 4.18737 1.40379 0 8.18516 0 17.6906 0 0 16.4033 0.257455 0 0 0
48 1000.00 1259.00 0.000000 ---
50 3000.00 1253.00 0.000000 ---
48 5000.00 1259.00 0.000000 ---
48 7000.00 1267.00 0.000000 ---
49 1000.00 1256.00 0.000000 ---
51 3000.00 1250.00 0.000000 ---
49 5000.00 1256.00 0.000000 ---
49 7000.00 1266.00 0.440641 51.5437 0.328538 4.18737 1.40379 0 8.18516 0 17.6906 0 0 16.4033 0.257455 0 0 0
52 3000.00 1247.00 0.000000 ---
50 1000.00 1253.00 0.000000 ---
50 5000.00 1253.00 0.000000 ---
50 7000.00 1266.10 0.390109 51.5484 0.327835 4.18351 1.40267 0 8.18568 0 17.6999 0 0 16.3949 0.257171 0 0 0
53 3000.00 1244.00 0.000000 ---
51 1000.00 1250.00 0.000000 ---
51 5000.00 1250.00 0.000000 ---
51 7000.00 1266.20 0.339548 51.553 0.32713 4.17963 1.40154 0 8.18625 0 17.7092 0 0 16.3863 0.256886 0 0 0
54 3000.00 1241.00 0.000000 ---
52 1000.00 1247.00 0.000000 ---
52 5000.00 1247.00 0.000000 ---
52 7000.00 1266.30 0.288958 51.5577 0.326423 4.17574 1.4004 0 8.18688 0 17.7186 0 0 16.3777 0.256599 0 0 0
55 3000.00 1238.00 0.000000 ---
53 1000.00 1244.00 0.000000 ---
53 5000.00 1244.00 0.000000 ---
56 3000.00 1235.00 0.000000 ---
53 7000.00 1266.40 0.238338 51.5623 0.325715 4.17185 1.39926 0 8.18756 0 17.728 0 0 16.3689 0.256311 0 0 0
54 1000.00 1241.00 0.000000 ---
54 5000.00 1241.00 0.000000 ---
57 3000.00 1232.00 0.000000 ---
54 7000.00 1266.50 0.187689 51.567 0.325005 4.16794 1.39811 0 8.1883 0 17.7376 0 0 16.36 0.256022 0 0 0
55 1000.00 1238.00 0.000000 ---
55 5000.00 1238.00 0.000000 ---
58 3000.00 1229.00 0.000000 ---
55 7000.00 1266.60 0.137011 51.5717 0.324293 4.16402 1.39696 0 8.1891 0 17.7471 0 0 16.351 0.255731 0 0 0
56 1000.00 1235.00 0.000000 ---
56 5000.00 1235.00 0.000000 ---
59 3000.00 1226.00 0.000000 ---
56 7000.00 1266.70 0.086304 51.5765 0.323579 4.1601 1.3958 0 8.18996 0 17.7568 0 0 16.3419 0.25544 0 0 0
57 1000.00 1232.00 0.000000 ---
57 5000.00 1232.00 1.195575 51.4118 0.385392 4.14257 1.38261 0 7.72225 0 17.0316 0 0 17.6923 0.231505 0 0 0
60 3000.00 1223.00 0.000000 ---
57 7000.00 1266.80 0.035569 51.5812 0.322864 4.15616 1.39463 0 8.19088 0 17.7665 0 0 16.3326 0.255146 0 0 0
58 1000.00 1229.00 0.000000 ---
61 3000.00 1220.00 0.000000 ---
58 5000.00 1233.00 0.691846 51.45 0.378862 4.11023 1.37458 0 7.69755 0 17.0876 0 0 17.6715 0.229655 0 0 0
58 7000.00 1266.90 0.000000 ---
59 1000.00 1226.00 0.000000 ---
62 3000.00 1217.00 0.000000 ---
59 5000.00 1234.00 0.184069 51.4885 0.372362 4.07773 1.36644 0 7.67378 0 17.1447 0 0 17.6487 0.227796 0 0 0
59 7000.00 1266.80 0.035569 51.5812 0.322864 4.15616 1.39463 0 8.19088 0 17.7665 0 0 16.3326 0.255146 0 0 0
60 1000.00 1223.00 0.000000 ---
63 3000.00 1214.00 0.000000 ---
60 5000.00 1235.00 0.000000 ---
61 1000.00 1220.00 0.000000 ---
60 7000.00 1267.20 0.000000 ---
64 3000.00 1211.00 0.000000 ---
61 5000.00 1234.00 0.184069 51.4885 0.372362 4.07773 1.36644 0 7.67378 0 17.1447 0 0 17.6487 0.227796 0 0 0
62 1000.00 1217.00 0.000000 ---
61 7000.00 1266.90 0.000000 ---
65 3000.00 1208.00 0.000000 ---
62 5000.00 1234.10 0.133066 51.4924 0.371713 4.07447 1.36562 0 7.67146 0 17.1504 0 0 17.6463 0.22761 0 0 0
63 1000.00 1214.00 0.000000 ---
62 7000.00 1267.00 0.000000 ---
66 3000.00 1205.00 0.000000 ---
63 5000.00 1234.20 0.082022 51.4962 0.371064 4.07121 1.36479 0 7.66914 0 17.1562 0 0 17.6439 0.227423 0 0 0
64 1000.00 1211.00 0.000000 ---
63 7000.00 1261.96 2.454500 51.3658 0.356076 4.33727 1.44562 0 8.19841 0 17.3568 0 0 16.6718 0.268217 0 0 0
67 3000.00 1202.00 0.000000 ---
65 1000.00 1208.00 0.000000 ---
64 5000.00 1234.30 0.030937 51.5001 0.370416 4.06795 1.36397 0 7.66684 0 17.162 0 0 17.6415 0.227237 0 0 0
64 7000.00 1256.92 2.398829 51.1498 0.391112 4.52093 1.49511 0 8.25067 0 16.9806 0 0 16.9306 0.28112 0 0 0
66 1000.00 1205.00 0.000000 ---
68 3000.00 1199.00 0.704780 51.3891 0.43402 4.00515 1.33416 0 7.29913 0 16.6374 0 0 18.7023 0.198818 0 0 0
65 5000.00 1234.40 0.000000 ---
65 7000.00 1251.89 2.278149 50.9379 0.427213 4.70213 1.54224 0 8.33166 0 16.6355 0 0 17.1297 0.29369 0 0 0
67 1000.00 1202.00 0.000000 ---
66 5000.00 1234.30 0.030937 51.5001 0.370416 4.06795 1.36397 0 7.66684 0 17.162 0 0 17.6415 0.227237 0 0 0
68 1000.00 1199.00 0.000000 ---
69 3000.00 1200.00 0.201924 51.4242 0.427174 3.97567 1.32759 0 7.26534 0 16.6798 0 0 18.7027 0.197404 0 0 0
66 7000.00 1246.85 2.163779 50.7277 0.464746 4.88226 1.58777 0 8.43274 0 16.3105 0 0 17.2881 0.306128 0 0 0
67 5000.00 1234.70 0.000000 ---
69 1000.00 1196.00 0.000000 ---
70 3000.00 1201.00 0.000000 ---
67 7000.00 1241.81 2.056243 50.5178 0.503981 5.06215 1.63216 0 8.54886 0 15.9992 0 0 17.4173 0.318551 0 0 0
68 5000.00 1234.40 0.000000 ---
70 1000.00 1193.00 0.000000 ---
71 3000.00 1200.00 0.201924 51.4242 0.427174 3.97567 1.32759 0 7.26534 0 16.6798 0 0 18.7027 0.197404 0 0 0
69 5000.00 1234.50 0.000000 ---
68 7000.00 1236.77 1.955511 50.3071 0.545145 5.24234 1.67573 0 8.67683 0 15.6974 0 0 17.5244 0.331036 0 0 0
71 1000.00 1190.00 0.000000 ---
72 3000.00 1200.10 0.151414 51.4278 0.426493 3.97272 1.32693 0 7.26197 0 16.6841 0 0 18.7028 0.197263 0 0 0
70 5000.00 1229.51 2.432360 51.3173 0.401789 4.22252 1.40209 0 7.78726 0 16.8962 0 0 17.7367 0.236081 0 0 0
69 7000.00 1231.74 1.861316 50.0948 0.588447 5.42322 1.71872 0 8.8145 0 15.4022 0 0 17.6145 0.343632 0 0 0
72 1000.00 1187.00 0.000000 ---
73 3000.00 1200.20 0.100862 51.4313 0.425813 3.96978 1.32627 0 7.25861 0 16.6883 0 0 18.7028 0.197122 0 0 0
73 1000.00 1184.00 0.000000 ---
71 5000.00 1224.52 2.374043 51.1254 0.436278 4.38472 1.44137 0 7.92146 0 16.626 0 0 17.8193 0.245392 0 0 0
70 7000.00 1226.70 1.773291 49.8804 0.634094 5.60505 1.7613 0 8.96037 0 15.1115 0 0 17.6909 0.356376 0 0 0
74 3000.00 1200.30 0.050270 51.4348 0.425134 3.96683 1.32561 0 7.25525 0 16.6926 0 0 18.7028 0.196981 0 0 0
74 1000.00 1181.00 0.000000 ---
72 5000.00 1219.53 2.250714 50.9314 0.47277 4.54838 1.48038 0 8.06319 0 16.3604 0 0 17.8886 0.254831 0 0 0
71 7000.00 1221.66 1.691037 49.6633 0.682302 5.78807 1.80362 0 9.11331 0 14.8237 0 0 17.7564 0.369294 0 0 0
75 1000.00 1178.00 0.000000 ---
75 3000.00 1200.40 0.000000 ---
73 5000.00 1214.54 2.136303 50.7348 0.51143 4.71369 1.51925 0 8.21146 0 16.0978 0 0 17.9471 0.264421 0 0 0
72 7000.00 1216.62 1.614154 49.443 0.733303 5.97243 1.84581 0 9.27249 0 14.5377 0 0 17.8129 0.382405 0 0 0
76 1000.00 1175.00 0.000000 ---
76 3000.00 1200.30 0.050270 51.4348 0.425134 3.96683 1.32561 0 7.25525 0 16.6926 0 0 18.7028 0.196981 0 0 0
74 5000.00 1209.55 2.030073 50.5351 0.552429 4.88082 1.55808 0 8.36555 0 15.8369 0 0 17.9969 0.274179 0 0 0
77 1000.00 1172.00 0.000000 ---
77 3000.00 1200.70 0.000000 ---
73 7000.00 1211.58 1.542257 49.2191 0.787352 6.1583 1.88796 0 9.4372 0 14.2524 0 0 17.8619 0.395724 0 0 0
78 1000.00 1169.00 0.000000 ---
75 5000.00 1204.56 1.931389 50.3319 0.595954 5.04991 1.59698 0 8.52491 0 15.5768 0 0 18.0394 0.284119 0 0 0
78 3000.00 1200.40 0.000000 ---
74 7000.00 1206.55 1.474984 48.9911 0.844738 6.34581 1.93015 0 9.6069 0 13.9671 0 0 17.9049 0.409259 0 0 0
79 1000.00 1166.00 0.000000 ---
79 3000.00 1200.50 0.000000 ---
76 5000.00 1199.57 1.839900 50.1249 0.642204 5.22109 1.63601 0 8.68919 0 15.3166 0 0 18.0758 0.294256 0 0 0
80 1000.00 1163.00 0.940810 51.3132 0.505367 3.91 1.29257 0 6.97296 0 16.24 0 0 19.5968 0.169047 0 0 0
75 7000.00 1201.51 1.412180 48.7586 0.905778 6.53507 1.97248 0 9.78116 0 13.6812 0 0 17.9427 0.423019 0 0 0
80 3000.00 1195.49 2.439641 51.2651 0.458611 4.10876 1.35699 0 7.41994 0 16.4896 0 0 18.6971 0.203808 0 0 0
77 5000.00 1194.59 1.754715 49.9136 0.691407 5.39447 1.67527 0 8.85801 0 15.0557 0 0 18.1069 0.3046 0 0 0
81 1000.00 1164.00 0.447292 51.3473 0.497559 3.88211 1.28692 0 6.93595 0 16.2757 0 0 19.6065 0.167906 0 0 0
76 7000.00 1196.47 1.353463 48.521 0.970842 6.72621 2.015 0 9.95959 0 13.3941 0 0 17.9763 0.437009 0 0 0
81 3000.00 1190.47 2.362064 51.0843 0.495749 4.25916 1.39001 0 7.5946 0 16.2756 0 0 18.6895 0.211088 0 0 0
78 5000.00 1189.60 1.675256 49.6977 0.743825 5.57018 1.71482 0 9.03103 0 14.7935 0 0 18.1337 0.31516 0 0 0
82 1000.00 1165.00 0.000000 ---
77 7000.00 1191.43 1.298397 48.2779 1.04037 6.91936 2.05779 0 10.1417 0 13.1052 0 0 18.0064 0.451228 0 0 0
82 3000.00 1185.46 2.240505 50.8989 0.535374 4.41226 1.42343 0 7.77241 0 16.0586 0 0 18.6805 0.218547 0 0 0
83 1000.00 1164.00 0.447292 51.3473 0.497559 3.88211 1.28692 0 6.93595 0 16.2757 0 0 19.6065 0.167906 0 0 0
79 5000.00 1184.61 1.601063 49.4767 0.799756 5.74835 1.75474 0 9.20793 0 14.5295 0 0 18.1571 0.325942 0 0 0
78 7000.00 1186.40 1.246728 48.0286 1.1149 7.11469 2.10092 0 10.3271 0 12.8141 0 0 18.0341 0.465673 0 0 0
83 3000.00 1180.45 2.128040 50.7088 0.577675 4.56816 1.4573 0 7.95333 0 15.8384 0 0 18.6702 0.226192 0 0 0
84 1000.00 1164.10 0.397727 51.3507 0.496783 3.87932 1.28635 0 6.93226 0 16.2793 0 0 19.6075 0.167792 0 0 0
80 5000.00 1179.62 1.531723 49.2503 0.859547 5.92911 1.79509 0 9.38837 0 14.2631 0 0 18.1775 0.336953 0 0 0
79 7000.00 1181.36 1.198224 47.7723 1.19506 7.31239 2.14444 0 10.5151 0 12.5205 0 0 18.0599 0.480334 0 0 0
84 3000.00 1175.44 2.023813 50.5135 0.62287 4.72696 1.49167 0 8.13729 0 15.6147 0 0 18.659 0.23403 0 0 0
85 1000.00 1164.20 0.348124 51.3541 0.496008 3.87654 1.28579 0 6.92857 0 16.2828 0 0 19.6085 0.167678 0 0 0
81 5000.00 1174.63 1.466862 49.0177 0.923606 6.11262 1.83594 0 9.57202 0 13.994 0 0 18.1959 0.348197 0 0 0
80 7000.00 1176.32 1.152674 47.5082 1.28165 7.5127 2.18843 0 10.7051 0 12.2238 0 0 18.085 0.4952 0 0 0
85 3000.00 1170.42 1.927070 50.3128 0.671204 4.88876 1.5266 0 8.32423 0 15.3872 0 0 18.6471 0.242067 0 0 0
86 1000.00 1164.30 0.298481 51.3575 0.495234 3.87375 1.28522 0 6.92488 0 16.2864 0 0 19.6094 0.167564 0 0 0
82 5000.00 1169.64 1.406144 48.7785 0.992417 6.29907 1.87737 0 9.75848 0 13.7218 0 0 18.2127 0.359677 0 0 0
81 7000.00 1171.28 1.267724 48.0167 1.16525 10.9635 1.8992 0 9.36296 0 10.2366 0 0 17.3022 1.0461 0.00750679 0 0
87 1000.00 1164.40 0.248799 51.3609 0.494461 3.87097 1.28465 0 6.9212 0 16.29 0 0 19.6104 0.167451 0 0 0
86 3000.00 1165.41 1.837143 50.1063 0.722962 5.0537 1.56214 0 8.51404 0 15.1558 0 0 18.6347 0.250309 0 0 0
83 5000.00 1164.65 1.998032 49.7109 0.663954 15.0586 1.21224 0 6.54283 0 8.79361 0 0 16.3958 1.60618 0.0158878 0 0
82 7000.00 1166.25 1.952100 50.1034 0.64518 19.621 1.02869 0 5.38886 0 5.60818 0 0 15.0375 2.5384 0.0288897 0 0
88 1000.00 1164.50 0.199078 51.3643 0.493689 3.86819 1.28409 0 6.91751 0 16.2935 0 0 19.6113 0.167337 0 0 0
87 3000.00 1160.40 1.753439 49.8936 0.778474 5.22193 1.59836 0 8.70658 0 14.9201 0 0 18.6222 0.258763 0 0 0
84 5000.00 1159.66 2.332519 50.2296 0.521449 18.3578 0.935497 0 5.42273 0 6.92112 0 0 15.444 2.14452 0.0232709 0 0
89 1000.00 1164.60 0.149318 51.3677 0.492918 3.8654 1.28352 0 6.91383 0 16.2971 0 0 19.6123 0.167223 0 0 0
83 7000.00 1161.21 1.865319 50.2407 0.637498 19.5814 1.00455 0 5.6268 0 5.55804 0 0 14.7112 2.60926 0.0304991 0 0
88 3000.00 1155.39 2.331253 50.071 0.580415 12.8093 1.14306 0 6.44073 0 10.5628 0 0 17.1894 1.19248 0.0108005 0 0
85 5000.00 1154.67 2.228367 50.3654 0.506934 18.3516 0.907223 0 5.71479 0 6.8932 0 0 15.0234 2.21271 0.0247075 0 0
90 1000.00 1164.70 0.099518 51.3711 0.492147 3.86262 1.28295 0 6.91015 0 16.3007 0 0 19.6133 0.16711 0 0 0
84 7000.00 1156.17 1.792611 50.3973 0.615608 19.5469 0.975555 0 5.91543 0 5.51836 0 0 14.317 2.68166 0.0322179 0 0
89 3000.00 1150.37 2.847954 50.3447 0.446684 17.1051 0.857806 0 5.20526 0 8.10536 0 0 16.1329 1.78406 0.01808 0 0
91 1000.00 1164.80 0.049679 51.3745 0.491378 3.85984 1.28239 0 6.90647 0 16.3042 0 0 19.6142 0.166996 0 0 0
92 1000.00 1164.90 0.000000 ---
90 3000.00 1145.36 2.700734 50.4596 0.43893 17.1075 0.832515 0 5.49584 0 8.09061 0 0 15.7094 1.84642 0.0192628 0 0
86 5000.00 1149.68 2.457868 50.9555 0.279477 19.2606 0.679645 0 7.2904 0 7.19632 0 0 11.8962 2.41289 0.0288897 0 0
85 7000.00 1151.13 2.052704 51.2756 0.244309 20.5309 0.660822 0 7.79767 0 5.75658 0 0 10.7711 2.92492 0.0380879 0 0
93 1000.00 1164.80 0.049679 51.3745 0.491378 3.85984 1.28239 0 6.90647 0 16.3042 0 0 19.6142 0.166996 0 0 0
94 1000.00 1165.20 0.000000 ---
87 5000.00 1144.69 2.351364 51.0693 0.261198 19.322 0.655994 0 7.65307 0 7.10978 0 0 11.4144 2.48347 0.0307914 0 0
91 3000.00 1140.35 2.904720 50.871 0.291402 17.8739 0.668248 0 6.89624 0 8.47552 0 0 12.8952 2.00624 0.0222504 0 0
86 7000.00 1146.09 1.955251 51.3528 0.242308 20.475 0.65661 0 8.07765 0 5.64958 0 0 10.5248 2.98119 0.0400282 0 0
95 1000.00 1164.90 0.000000 ---
88 5000.00 1139.70 2.201941 51.1058 0.278604 19.2632 0.663642 0 7.82718 0 6.96307 0 0 11.3314 2.53477 0.0323693 0 0
96 1000.00 1165.00 0.000000 ---
87 7000.00 1141.06 1.844274 51.3769 0.266645 20.369 0.670693 0 8.26391 0 5.51786 0 0 10.4661 3.02714 0.0417784 0 0
92 3000.00 1135.34 2.800189 51 0.263219 18.0383 0.6311 0 7.38486 0 8.44801 0 0 12.1258 2.08463 0.0240316 0 0
89 5000.00 1134.71 2.067132 51.1367 0.29875 19.1976 0.672601 0 8.00604 0 6.81748 0 0 11.2522 2.58464 0.0339699 0 0
97 1000.00 1160.00 2.398751 51.2102 0.529335 3.99399 1.3095 0 7.08498 0 16.1328 0 0 19.5667 0.172497 0 0 0
88 7000.00 1136.02 1.742944 51.3823 0.299889 20.2464 0.688724 0 8.45772 0 5.38953 0 0 10.4234 3.06851 0.0434885 0 0
93 3000.00 1130.32 2.601348 51.0309 0.279542 18.0022 0.636861 0 7.56062 0 8.29241 0 0 12.037 2.13513 0.0253872 0 0
98 1000.00 1155.00 2.325925 51.0338 0.571564 4.13671 1.33828 0 7.27393 0 15.9498 0 0 19.5175 0.178369 0 0 0
90 5000.00 1129.72 1.945126 51.16 0.322675 19.1238 0.683267 0 8.19036 0 6.6733 0 0 11.1785 2.63263 0.0355849 0 0
89 7000.00 1130.98 2.214100 46.4894 4.62478 19.1619 1.30711 0 10.682 0.112059 4.98587 0 0 9.78061 2.81496 0.0412826 0 0
94 3000.00 1125.31 2.423935 51.059 0.297481 17.9622 0.643334 0 7.73981 0 8.13699 0 0 11.9493 2.18512 0.026777 0 0
99 1000.00 1150.00 2.209552 50.8517 0.616763 4.2826 1.36765 0 7.46594 0 15.7623 0 0 19.4687 0.184391 0 0 0
91 5000.00 1124.73 1.834397 51.1724 0.352042 19.0395 0.696238 0 8.38102 0 6.53097 0 0 11.1126 2.67808 0.0372012 0 0
90 7000.00 1125.94 2.396984 44.5137 6.38168 18.7021 1.56229 0 11.7959 0.161689 4.70048 0 0 9.40862 2.73161 0.0418946 0 0
100 1000.00 1145.00 2.101821 50.6636 0.665195 4.43183 1.39768 0 7.66097 0 15.5698 0 0 19.4203 0.190569 0 0 0
95 3000.00 1120.30 2.265026 51.0834 0.317474 17.9176 0.650698 0 7.92296 0 7.98188 0 0 11.8634 2.2344 0.0281984 0 0
92 5000.00 1119.74 1.968054 48.9073 2.41276 18.3912 0.988232 0 9.50758 0.0489308 6.27227 0 0 10.8503 2.5845 0.0369198 0 0
91 7000.00 1120.91 2.188233 44.7641 6.17559 18.6916 1.54375 0 12.0139 0.16003 4.52472 0 0 9.30268 2.77904 0.0445894 0 0
101 1000.00 1140.00 3.168382 50.4277 0.444364 14.2354 0.892583 0 5.15875 0 10.0153 0 0 17.5587 1.25601 0.0113043 0 0
96 3000.00 1115.29 2.122189 51.103 0.34013 17.8673 0.659187 0 8.11068 0 7.82724 0 0 11.7801 2.28269 0.0296475 0 0
93 5000.00 1114.76 2.587188 44.0697 6.75662 17.1514 1.59583 0 11.7701 0.157257 5.84462 0 0 10.2891 2.33074 0.0346221 0 0
102 1000.00 1135.00 3.297685 50.4824 0.407654 15.9003 0.78946 0 4.89773 0 9.04827 0 0 16.9689 1.49112 0.0141117 0 0
92 7000.00 1115.87 2.007471 45.0047 5.97543 18.675 1.52703 0 12.2413 0.158213 4.34951 0 0 9.19623 2.8252 0.0473343 0 0
97 3000.00 1110.27 1.993387 51.1161 0.366335 17.81 0.669125 0 8.30369 0 7.67332 0 0 11.7007 2.32963 0.0311181 0 0
94 5000.00 1109.77 2.382612 43.8015 6.49145 16.9898 1.86899 0 12.6269 0.139599 5.62173 0 0 10.0753 2.34831 0.0364722 0 0
103 1000.00 1130.00 3.097681 50.5734 0.408582 15.8947 0.769362 0 5.15311 0 9.03515 0 0 16.6049 1.54587 0.0150399 0 0
93 7000.00 1110.83 1.849993 45.2355 5.781 18.6515 1.51219 0 12.4793 0.15626 4.17459 0 0 9.08954 2.86995 0.050125 0 0
104 1000.00 1125.00 2.931160 50.6748 0.402503 15.8982 0.746436 0 5.45615 0 9.03774 0 0 16.1655 1.6026 0.0160394 0 0
98 3000.00 1105.26 1.931605 50.4176 0.769209 17.5123 0.877465 0 9.01391 0.000768124 7.49192 0 0 11.5519 2.3329 0.0319973 0 0
95 5000.00 1104.78 2.584769 39.179 6.26097 15.2742 4.36491 0 18.4941 0 5.14015 0 0 9.1363 2.11661 0.0337441 0 0
94 7000.00 1105.79 1.847087 42.8548 5.42342 17.7336 2.97237 0 15.7796 0.0663543 3.82419 0 0 8.52559 2.76996 0.0500778 0 0
105 1000.00 1120.00 2.808798 50.8005 0.381198 15.9351 0.71514 0 5.86062 0 9.07571 0 0 15.5501 1.66445 0.0171709 0 0
96 5000.00 1099.79 2.282877 40.0623 5.88952 15.6502 4.03494 0 18.1019 0 4.89666 0 0 9.09135 2.2363 0.0368682 0 0
99 3000.00 1100.25 3.655877 38.031 7.06782 13.4383 4.434 0 18.5611 0 6.72979 0 0 10.0701 1.64523 0.0226762 0 0
95 7000.00 1100.75 1.807970 41.3459 5.1643 17.183 3.87214 0 18.0334 0 3.50421 0 0 8.10868 2.73742 0.0510174 0 0
106 1000.00 1115.00 3.526749 51.3748 0.134814 17.3332 0.468464 0 8.49534 0 10.035 0 0 10.2486 1.88852 0.0211806 0 0
97 5000.00 1094.80 2.040649 40.8015 5.58663 15.9521 3.75471 0 17.8196 0 4.66919 0 0 9.03289 2.34362 0.0398947 0 0
100 3000.00 1095.24 3.094927 39.1053 6.54746 13.9931 4.07924 0 18.0353 0 6.4165 0 0 10.0194 1.77815 0.0254465 0 0
96 7000.00 1095.72 1.652126 42.0002 4.92906 17.3649 3.6003 0 17.827 0 3.3257 0 0 8.06653 2.83189 0.0543853 0 0
107 1000.00 1110.00 2.786379 51.1381 0.271107 16.8824 0.579296 0 7.59885 0 9.32878 0 0 12.3033 1.8768 0.0213692 0 0
98 5000.00 1089.81 1.840674 41.4596 5.32081 16.2048 3.50525 0 17.5989 0 4.45511 0 0 8.96962 2.44304 0.0428881 0 0
101 3000.00 1090.22 2.674860 39.9856 6.13265 14.4397 3.78024 0 17.6496 0 6.13148 0 0 9.95649 1.89608 0.0280951 0 0
97 7000.00 1090.68 1.519555 42.5495 4.73717 17.5009 3.36907 0 17.7048 0 3.15291 0 0 8.01132 2.91666 0.0576714 0 0
108 1000.00 1105.00 2.592607 51.1272 0.304745 16.6862 0.600989 0 7.74805 0 9.20181 0 0 12.4079 1.90095 0.0222508 0 0
99 5000.00 1084.82 1.672850 42.0545 5.083 16.4178 3.28092 0 17.4279 0 4.25163 0 0 8.90228 2.53605 0.045867 0 0
102 3000.00 1085.21 2.347099 40.7471 5.78184 14.8134 3.51823 0 17.3488 0 5.86772 0 0 9.88785 2.00446 0.0306923 0 0
98 7000.00 1085.64 1.404291 43.0545 4.56014 17.6102 3.15883 0 17.6197 0 2.98625 0 0 7.9536 2.99587 0.0609453 0 0
109 1000.00 1100.00 2.414768 51.1417 0.325127 16.6538 0.607763 0 7.9386 0 9.04198 0 0 12.3201 1.94746 0.0234718 0 0
100 5000.00 1079.83 1.530137 42.5986 4.86693 16.5978 3.07755 0 17.2984 0 4.05669 0 0 8.83152 2.62369 0.048843 0 0
103 3000.00 1080.20 2.084347 41.4207 5.47732 15.1312 3.28546 0 17.1119 0 5.62023 0 0 9.81412 2.10572 0.0332683 0 0
99 7000.00 1080.60 1.303275 43.5224 4.39505 17.6962 2.96654 0 17.567 0 2.82449 0 0 7.89399 3.07017 0.0642124 0 0
110 1000.00 1095.00 2.255624 51.1526 0.347756 16.6173 0.615402 0 8.13325 0 8.88187 0 0 12.2336 1.99347 0.0247225 0 0
101 5000.00 1074.84 1.407451 43.1009 4.66814 16.7494 2.89198 0 17.2045 0 3.86871 0 0 8.7579 2.70665 0.0518232 0 0
104 3000.00 1075.19 1.869271 42.027 5.20751 15.4045 3.0765 0 16.9257 0 5.38559 0 0 9.73585 2.20142 0.0358416 0 0
100 7000.00 1075.57 1.214138 43.9584 4.23976 17.7617 2.78978 0 17.5431 0 2.66668 0 0 7.83307 3.14005 0.0674758 0 0
111 1000.00 1090.00 2.449579 47.898 2.07524 15.4367 1.54718 0 10.7415 0 8.60392 0 0 11.8198 1.85418 0.0235187 0 0
102 5000.00 1069.85 1.301008 43.5679 4.4834 16.8761 2.72176 0 17.1422 0 3.68642 0 0 8.68197 2.78543 0.0548119 0 0
105 3000.00 1070.17 1.690271 42.58 4.9645 15.641 2.88737 0 16.7812 0 5.16133 0 0 9.65353 2.29254 0.0384239 0 0
101 7000.00 1070.53 1.133218 44.4957 4.15196 17.8474 2.54153 0 17.3515 0.0106843 2.52475 0 0 7.79591 3.20975 0.0708409 0 0
112 1000.00 1085.00 4.168758 38.6291 6.89856 12.2749 4.18009 0 17.9092 0 7.97327 0 0 10.7427 1.37456 0.0175699 0 0
103 5000.00 1064.86 1.207926 44.0045 4.31029 16.9806 2.5649 0 17.1084 0 3.50883 0 0 8.60427 2.86038 0.0578114 0 0
106 3000.00 1065.16 1.539258 43.0897 4.7427 15.8462 2.71506 0 16.6724 0 4.94559 0 0 9.56761 2.37974 0.0410226 0 0
102 7000.00 1065.49 1.063759 44.8577 4.08677 17.8693 2.37393 0 17.3479 0.0170328 2.37576 0 0 7.73077 3.2667 0.074021 0 0
113 1000.00 1080.00 3.473844 39.6251 6.36279 12.8414 3.88078 0 17.4682 0 7.63483 0 0 10.6765 1.4907 0.0197677 0 0
104 5000.00 1059.87 1.125964 44.4147 4.147 17.0648 2.41984 0 17.1007 0 3.33508 0 0 8.52531 2.93178 0.0608224 0 0
107 3000.00 1060.15 1.410400 43.5632 4.53803 16.024 2.5572 0 16.595 0 4.73691 0 0 9.47856 2.46347 0.0436422 0 0
103 7000.00 1060.45 1.038184 44.3436 3.91182 17.5226 2.15834 0 17.0402 0.0232316 2.1891 0 0 8.58868 3.25567 0.0758569 0.854715 0.0361593
114 1000.00 1075.00 2.961027 40.4631 5.92274 13.3129 3.62069 0 17.1325 0 7.32479 0 0 10.6047 1.59659 0.0218991 0 0
108 3000.00 1055.14 1.299378 44.0061 4.34749 16.1774 2.41192 0 16.5459 0 4.53412 0 0 9.38682 2.54403 0.0462851 0 0
105 5000.00 1054.88 1.053349 44.8013 3.99213 17.1303 2.28524 0 17.1173 0 3.16448 0 0 8.44563 2.99981 0.0638447 0 0
104 7000.00 1055.42 0.986459 44.3533 3.77247 17.3858 2.00149 0 16.9337 0.0274622 2.02605 0 0 8.90283 3.28276 0.0785856 1.18541 0.0501496
115 1000.00 1070.00 2.567947 41.1887 5.54983 13.7146 3.39124 0 16.8729 0 7.03553 0 0 10.5278 1.69543 0.0240019 0 0
109 3000.00 1050.12 1.202922 44.4223 4.16879 16.3087 2.27772 0 16.5228 0 4.33626 0 0 9.29286 2.62161 0.0489523 0 0
106 5000.00 1049.89 0.988661 45.1667 3.84462 17.1784 2.16002 0 17.1565 0 2.99646 0 0 8.3658 3.06463 0.0668772 0 0
105 7000.00 1050.38 0.928907 44.7202 3.66616 17.3822 1.87503 0 16.9849 0.031681 1.88087 0 0 8.82919 3.33398 0.0819454 1.16462 0.04927
116 1000.00 1065.00 2.257876 41.8309 5.22606 14.0622 3.18643 0 16.6712 0 6.76214 0 0 10.4458 1.78914 0.0260992 0 0
110 3000.00 1045.11 1.118504 44.8151 4.0002 16.4194 2.15335 0 16.5243 0 4.14252 0 0 9.19717 2.69634 0.0516435 0 0
107 5000.00 1044.90 0.930742 45.5127 3.70367 17.2101 2.04323 0 17.2171 0 2.83052 0 0 8.28636 3.12634 0.0699187 0 0
106 7000.00 1045.34 0.877126 45.0697 3.56376 17.3624 1.75648 0 17.0556 0.036197 1.73611 0 0 8.75943 3.38133 0.0852851 1.14519 0.0484482
117 1000.00 1060.00 2.073775 40.2115 4.79601 14.4579 2.83379 0 18.7327 0.28097 6.65315 0 0 10.048 1.95653 0.0294292 0 0
111 3000.00 1040.10 1.044140 45.1868 3.84036 16.5111 2.03777 0 16.5488 0 3.95223 0 0 9.10028 2.76829 0.0543578 0 0
108 5000.00 1039.91 0.878642 45.841 3.56863 17.2263 1.93409 0 17.2978 0 2.66627 0 0 8.20787 3.18506 0.0729673 0 0
118 1000.00 1055.00 1.900063 40.483 4.42689 14.7895 2.62601 0 19.1783 0.34585 6.38468 0 0 9.66851 2.0655 0.0318685 0 0
107 7000.00 1040.30 0.830377 45.4034 3.46492 17.3271 1.64505 0 17.1451 0.0410176 1.59136 0 0 8.69389 3.42491 0.0886011 1.12696 0.0476769
112 3000.00 1035.09 1.115838 42.5958 3.24964 16.2015 1.57155 0 21.054 0.67555 3.51994 0 0 8.18285 2.8907 0.0584074 0 0
109 5000.00 1034.93 0.867473 44.9851 3.36649 16.7804 1.79065 0 17.0733 0 2.44839 0 0 9.23666 3.15676 0.0741846 1.0439 0.044163
119 1000.00 1050.00 1.729947 40.7887 4.15695 15.021 2.48415 0 19.4065 0.387594 6.0699 0 0 9.49693 2.15416 0.0339779 0 0
113 3000.00 1030.07 1.088692 42.566 2.94673 16.2906 1.40385 0 22.068 0.80172 3.30066 0 0 7.58051 2.98029 0.0616549 0 0
108 7000.00 1035.26 0.788078 45.7228 3.36921 17.277 1.54002 0 17.2524 0.0461422 1.44627 0 0 8.63267 3.46491 0.0918924 1.10973 0.0469479
120 1000.00 1045.00 1.583484 41.0737 3.91391 15.2211 2.35659 0 19.6355 0.427361 5.75878 0 0 9.33815 2.23887 0.0360609 0 0
110 5000.00 1029.94 0.829242 44.8639 3.21547 16.6416 1.67296 0 17.2825 0.0388935 2.25738 0 0 9.42758 3.19272 0.0768792 1.27606 0.0539847
114 3000.00 1025.06 1.012177 42.7937 2.83522 16.3386 1.36035 0 22.1167 0.821083 3.08409 0 0 7.54606 3.04007 0.0640579 0 0
121 1000.00 1040.00 1.455748 41.3433 3.69454 15.3949 2.24165 0 19.8567 0.464739 5.45342 0 0 9.19241 2.32023 0.0381245 0 0
109 7000.00 1030.23 0.749666 46.0285 3.27649 17.2116 1.44087 0 17.3779 0.0515767 1.3007 0 0 8.5764 3.50118 0.0951484 1.09338 0.0462562
111 5000.00 1024.95 0.968419 42.0155 2.51808 16.0006 1.10264 0 23.2153 0.97402 1.81354 0 0 7.83882 3.29257 0.0819197 1.10049 0.0465571
115 3000.00 1020.05 0.942875 43.0215 2.73202 16.3851 1.31927 0 22.1459 0.837957 2.87776 0 0 7.51402 3.09989 0.066494 0 0
122 1000.00 1035.00 1.343167 41.6015 3.49608 15.5468 2.13784 0 20.0643 0.499474 5.15562 0 0 9.05944 2.39878 0.0401754 0 0
116 3000.00 1015.04 0.879951 43.249 2.63652 16.429 1.28048 0 22.1575 0.852549 2.68154 0 0 7.48488 3.15953 0.0689593 0 0
110 7000.00 1025.19 0.714725 46.3213 3.18647 17.1305 1.34703 0 17.5222 0.0573269 1.15455 0 0 8.52535 3.53362 0.0983596 1.07775 0.0455951
112 5000.00 1019.96 0.896761 42.256 2.44866 16.0674 1.08066 0 23.0999 0.978585 1.65372 0 0 7.83648 3.3516 0.0849482 1.09567 0.046353
123 1000.00 1030.00 1.243098 41.8513 3.31618 15.6805 2.04381 0 20.2541 0.531439 4.86682 0 0 8.93866 2.47496 0.0422196 0 0
117 3000.00 1010.02 0.828596 43.2671 2.54043 16.3875 1.23998 0 22.0678 0.861829 2.48471 0 0 7.67565 3.20286 0.0711114 0.192849 0.00815862
124 1000.00 1025.00 1.153547 42.0948 3.15276 15.7989 1.9584 0 20.4238 0.560607 4.58808 0 0 8.82927 2.54915 0.0442627 0 0
113 5000.00 1014.97 0.834723 42.4832 2.37837 16.0949 1.05829 0 23.0272 0.983842 1.51037 0 0 7.83816 3.40205 0.0877743 1.08976 0.0461031
111 7000.00 1020.15 0.797110 43.3826 2.74104 16.2388 0.90052 0 22.512 0.973092 0.820229 0 0 7.73673 3.59666 0.102859 0.955081 0.0404054
118 3000.00 1005.01 0.804354 42.3553 2.41447 15.9836 1.18292 0 21.5634 0.85409 2.25359 0 0 8.84338 3.1746 0.0717392 1.25007 0.052885
125 1000.00 1020.00 1.072970 42.3335 3.00403 15.9043 1.88056 0 20.5721 0.587027 4.32011 0 0 8.73042 2.62166 0.0463094 0 0
114 5000.00 1009.98 0.777840 42.9579 2.44323 16.1488 0.849163 0 22.5751 1.02621 1.39613 0 0 7.91952 3.45275 0.090662 1.09423 0.0462923
119 3000.00 1000.00 0.753451 42.5264 2.33589 16.0063 1.14836 0 21.4936 0.863018 2.08441 0 0 8.87965 3.23035 0.0742692 1.3027 0.0551119
112 7000.00 1015.11 0.799721 43.2791 2.50884 16.1995 0.71171 0 23.6928 1.1373 0.685581 0 0 7.05419 3.66395 0.107529 0.920476 0.0389414
126 1000.00 1015.00 1.000180 42.5687 2.86832 15.9991 1.80935 0 20.6983 0.610797 4.06323 0 0 8.64112 2.69277 0.0483648 0 0
115 5000.00 1004.99 0.728660 43.3259 2.60693 16.1586 0.652743 0 22.1869 1.06711 1.28244 0 0 7.99179 3.49131 0.0933156 1.09657 0.0463912
127 1000.00 1010.00 0.934187 42.8014 2.74425 16.0845 1.74398 0 20.8026 0.632043 3.81757 0 0 8.56053 2.76271 0.0504327 0 0
113 7000.00 1010.08 0.747615 43.492 2.47437 16.1692 0.690411 0 23.5835 1.13469 0.57637 0 0 7.11585 3.69277 0.110259 0.921634 0.0389904
116 5000.00 1000.00 0.683779 43.5335 2.56194 16.1539 0.633206 0 22.1177 1.06981 1.15139 0 0 8.00846 3.53344 0.0961339 1.09421 0.0462914
128 1000.00 1005.00 0.874147 43.0319 2.63063 16.1615 1.6838 0 20.8861 0.650909 3.58318 0 0 8.48795 2.83155 0.0525145 0 0
114 7000.00 1005.04 0.700943 43.6986 2.44036 16.1289 0.670558 0 23.4839 1.13142 0.470243 0 0 7.18053 3.71996 0.112944 0.923454 0.0390674
129 1000.00 1000.00 0.819377 43.2607 2.52637 16.231 1.62824 0 20.9495 0.667548 3.35985 0 0 8.42271 2.89938 0.0546123 0 0
115 7000.00 1000.00 0.738057 43.4829 2.38431 14.1899 0.604461 0 25.5281 1.14445 0.178907 0 0 8.30059 3.22288 0.0966049 0.831623 0.0351824