System Thermodynamic Data:
index Pressure Temperature mass F phi H S V Cp dVdP*10^6 dVdT*10^6 fO2(absolute) fO2(absolute) rhol rhos viscosity aH2O chisqr
1 1000.00 1400.00 100.000000 1.0000000000000000 1.000000 -1146679.466649 288.642916 37.744076 147.607866 -285.884966 3072.473837 -7.108 -7.108 2.649422 0.000000 1.433 n/a n/a
2 3000.00 1397.00 100.000000 1.0000000000000000 1.000000 -1140639.879899 287.773469 37.197159 147.581828 -252.410327 2977.411387 -6.953 -6.953 2.688377 0.000000 1.443 n/a n/a
2 5000.00 1397.00 100.000000 1.0000000000000000 1.000000 -1134231.036942 287.185379 36.723483 147.562136 -221.699607 2907.658417 -6.775 -6.775 2.723053 0.000000 1.443 n/a n/a
2 1000.00 1397.00 100.000000 1.0000000000000000 1.000000 -1147122.289400 288.378014 37.734859 147.607301 -285.723921 3072.220574 -7.135 -7.135 2.650070 0.000000 1.443 n/a n/a
2 7000.00 1397.00 100.000000 1.0000000000000000 1.000000 -1127891.845770 286.608735 36.308625 147.548224 -193.591762 2862.961662 -6.602 -6.602 2.754167 0.000000 1.443 n/a n/a
3 3000.00 1394.00 100.000000 1.0000000000000000 1.000000 -1141082.624112 287.508138 37.188227 147.580981 -252.286944 2977.207097 -6.980 -6.980 2.689023 0.000000 1.454 n/a n/a
3 5000.00 1394.00 100.000000 1.0000000000000000 1.000000 -1134673.721641 286.920084 36.714760 147.560997 -221.613809 2907.506042 -6.802 -6.802 2.723700 0.000000 1.454 n/a n/a
3 7000.00 1394.00 100.000000 1.0000000000000000 1.000000 -1128334.488280 286.343465 36.300036 147.546783 -193.543548 2862.861203 -6.629 -6.629 2.754818 0.000000 1.454 n/a n/a
4 3000.00 1391.00 100.000000 1.0000000000000000 1.000000 -1141525.365788 287.242331 37.179295 147.580136 -252.163640 2976.999864 -7.008 -7.008 2.689669 0.000000 1.464 n/a n/a
4 5000.00 1391.00 100.000000 1.0000000000000000 1.000000 -1135116.402928 286.654313 36.706038 147.559861 -221.528089 2907.350724 -6.829 -6.829 2.724347 0.000000 1.464 n/a n/a
4 1000.00 1391.00 100.000000 1.0000000000000000 1.000000 -1148007.929812 287.846784 37.716427 147.606170 -285.402065 3071.705220 -7.190 -7.190 2.651365 0.000000 1.464 n/a n/a
4 7000.00 1391.00 100.000000 1.0000000000000000 1.000000 -1128777.126474 286.077720 36.291448 147.545346 -193.495412 2862.757801 -6.655 -6.655 2.755470 0.000000 1.464 n/a n/a
5 3000.00 1388.00 100.000000 1.0000000000000000 1.000000 -1141968.104928 286.976045 37.170365 147.579292 -252.040413 2976.789688 -7.035 -7.035 2.690315 0.000000 1.474 n/a n/a
5 5000.00 1388.00 100.000000 1.0000000000000000 1.000000 -1135559.080811 286.388065 36.697316 147.558728 -221.442446 2907.192464 -6.857 -6.857 2.724995 0.000000 1.474 n/a n/a
5 1000.00 1388.00 100.000000 1.0000000000000000 1.000000 -1148450.747474 287.580451 37.707213 147.605605 -285.241254 3071.443129 -7.217 -7.217 2.652013 0.000000 1.474 n/a n/a
5 7000.00 1388.00 100.000000 1.0000000000000000 1.000000 -1129219.760362 285.811498 36.282860 147.543913 -193.447354 2862.651456 -6.682 -6.682 2.756122 0.000000 1.474 n/a n/a
6 3000.00 1385.00 100.000000 1.0000000000000000 1.000000 -1142410.841538 286.709280 37.161435 147.578449 -251.917264 2976.576569 -7.063 -7.063 2.690962 0.000000 1.484 n/a n/a
6 1000.00 1385.00 100.000000 1.0000000000000000 1.000000 -1148893.563441 287.313638 37.697999 147.605040 -285.080520 3071.178094 -7.245 -7.245 2.652661 0.000000 1.484 n/a n/a
6 5000.00 1385.00 100.000000 1.0000000000000000 1.000000 -1136001.755297 286.121337 36.688594 147.557597 -221.356881 2907.031260 -6.884 -6.884 2.725643 0.000000 1.484 n/a n/a
6 7000.00 1385.00 100.000000 1.0000000000000000 1.000000 -1129662.389956 285.544797 36.274272 147.542484 -193.399373 2862.542167 -6.710 -6.710 2.756775 0.000000 1.484 n/a n/a
7 3000.00 1382.00 100.000000 1.0000000000000000 1.000000 -1142853.575622 286.442034 37.152505 147.577607 -251.794192 2976.360507 -7.090 -7.090 2.691609 0.000000 1.495 n/a n/a
7 1000.00 1382.00 100.000000 1.0000000000000000 1.000000 -1149336.377713 287.046343 37.688786 147.604475 -284.919865 3070.910117 -7.273 -7.273 2.653309 0.000000 1.495 n/a n/a
7 5000.00 1382.00 100.000000 1.0000000000000000 1.000000 -1136444.426394 285.854128 36.679874 147.556468 -221.271394 2906.867113 -6.911 -6.911 2.726291 0.000000 1.495 n/a n/a
7 7000.00 1382.00 100.000000 1.0000000000000000 1.000000 -1130105.015266 285.277616 36.265684 147.541058 -193.351471 2862.429936 -6.737 -6.737 2.757428 0.000000 1.495 n/a n/a
8 3000.00 1379.00 100.000000 1.0000000000000000 1.000000 -1143296.307184 286.174304 37.143577 147.576767 -251.671199 2976.141502 -7.118 -7.118 2.692256 0.000000 1.505 n/a n/a
8 1000.00 1379.00 100.000000 1.0000000000000000 1.000000 -1149779.190291 286.778564 37.679573 147.603910 -284.759287 3070.639196 -7.301 -7.301 2.653958 0.000000 1.505 n/a n/a
8 5000.00 1379.00 100.000000 1.0000000000000000 1.000000 -1136887.094109 285.586437 36.671153 147.555342 -221.185985 2906.700024 -6.939 -6.939 2.726939 0.000000 1.505 n/a n/a
9 3000.00 1376.00 100.000000 1.0000000000000000 1.000000 -1143739.036227 285.906089 37.134648 147.575929 -251.548284 2975.919554 -7.146 -7.146 2.692903 0.000000 1.515 n/a n/a
9 1000.00 1376.00 100.000000 1.0000000000000000 1.000000 -1150222.001175 286.510299 37.670362 147.603346 -284.598787 3070.365333 -7.329 -7.329 2.654607 0.000000 1.515 n/a n/a
9 5000.00 1376.00 100.000000 1.0000000000000000 1.000000 -1137329.758450 285.318261 36.662433 147.554219 -221.100654 2906.529991 -6.967 -6.967 2.727588 0.000000 1.515 n/a n/a
10 3000.00 1373.00 100.000000 1.0000000000000000 1.000000 -1144181.762756 285.637387 37.125721 147.575091 -251.425446 2975.694663 -7.174 -7.174 2.693550 0.000000 1.526 n/a n/a
9 7000.00 1376.00 100.000000 1.0000000000000000 1.000000 -1130990.253083 284.741806 36.248511 147.538217 -193.255899 2862.196645 -6.792 -6.792 2.758734 0.000000 1.515 n/a n/a
10 1000.00 1373.00 100.000000 1.0000000000000000 1.000000 -1150664.810366 286.241547 37.661151 147.602782 -284.438365 3070.088526 -7.357 -7.357 2.655256 0.000000 1.526 n/a n/a
10 5000.00 1373.00 100.000000 1.0000000000000000 1.000000 -1137772.419425 285.049599 36.653714 147.553098 -221.015401 2906.357016 -6.995 -6.995 2.728236 0.000000 1.526 n/a n/a
11 3000.00 1370.00 100.000000 1.0000000000000000 1.000000 -1144624.486775 285.368196 37.116794 147.574255 -251.302686 2975.466829 -7.202 -7.202 2.694198 0.000000 1.536 n/a n/a
10 7000.00 1373.00 100.000000 1.0000000000000000 1.000000 -1131432.865611 284.473174 36.239924 147.536802 -193.208230 2862.075585 -6.819 -6.819 2.759388 0.000000 1.526 n/a n/a
11 1000.00 1370.00 100.000000 1.0000000000000000 1.000000 -1151107.617864 285.972306 37.651941 147.602217 -284.278021 3069.808777 -7.386 -7.386 2.655906 0.000000 1.536 n/a n/a
11 5000.00 1370.00 100.000000 1.0000000000000000 1.000000 -1138215.077040 284.780449 36.644995 147.551980 -220.930226 2906.181097 -7.023 -7.023 2.728886 0.000000 1.536 n/a n/a
12 3000.00 1367.00 100.000000 1.0000000000000000 1.000000 -1145067.208288 285.098515 37.107868 147.573420 -251.180004 2975.236052 -7.230 -7.230 2.694846 0.000000 1.547 n/a n/a
11 7000.00 1370.00 100.000000 1.0000000000000000 1.000000 -1131875.473901 284.204053 36.231338 147.535391 -193.160639 2861.951582 -6.847 -6.847 2.760042 0.000000 1.536 n/a n/a
12 1000.00 1367.00 100.000000 1.0000000000000000 1.000000 -1151550.423671 285.702574 37.642732 147.601653 -284.117755 3069.526085 -7.414 -7.414 2.656555 0.000000 1.547 n/a n/a
12 5000.00 1367.00 100.000000 1.0000000000000000 1.000000 -1138657.731305 284.510809 36.636277 147.550864 -220.845128 2906.002236 -7.051 -7.051 2.729535 0.000000 1.547 n/a n/a
13 3000.00 1364.00 100.000000 1.0000000000000000 1.000000 -1145509.927298 284.828342 37.098943 147.572587 -251.057401 2975.002332 -7.259 -7.259 2.695495 0.000000 1.557 n/a n/a
12 7000.00 1367.00 100.000000 1.0000000000000000 1.000000 -1132318.077962 283.934444 36.222752 147.533984 -193.113126 2861.824636 -6.875 -6.875 2.760696 0.000000 1.547 n/a n/a
13 1000.00 1364.00 100.000000 1.0000000000000000 1.000000 -1151993.227785 285.432349 37.633524 147.601089 -283.957567 3069.240449 -7.443 -7.443 2.657205 0.000000 1.557 n/a n/a
13 5000.00 1364.00 100.000000 1.0000000000000000 1.000000 -1139100.382225 284.240678 36.627559 147.549750 -220.760108 2905.820431 -7.079 -7.079 2.730185 0.000000 1.557 n/a n/a
14 3000.00 1361.00 100.000000 1.0000000000000000 1.000000 -1145952.643810 284.557675 37.090018 147.571755 -250.934874 2974.765669 -7.287 -7.287 2.696143 0.000000 1.568 n/a n/a
13 7000.00 1364.00 100.000000 1.0000000000000000 1.000000 -1132760.677807 283.664344 36.214167 147.532580 -193.065691 2861.694747 -6.903 -6.903 2.761350 0.000000 1.557 n/a n/a
14 1000.00 1361.00 100.000000 1.0000000000000000 1.000000 -1152436.030207 285.161629 37.624317 147.600526 -283.797456 3068.951871 -7.472 -7.472 2.657856 0.000000 1.568 n/a n/a
14 5000.00 1361.00 100.000000 1.0000000000000000 1.000000 -1139543.029809 283.970053 36.618842 147.548639 -220.675167 2905.635684 -7.107 -7.107 2.730835 0.000000 1.568 n/a n/a
15 3000.00 1358.00 100.000000 1.0000000000000000 1.000000 -1146395.357827 284.286512 37.081094 147.570924 -250.812426 2974.526063 -7.316 -7.316 2.696792 0.000000 1.578 n/a n/a
14 7000.00 1361.00 100.000000 1.0000000000000000 1.000000 -1133203.273446 283.393750 36.205582 147.531180 -193.018333 2861.561915 -6.931 -6.931 2.762005 0.000000 1.568 n/a n/a
15 1000.00 1358.00 100.000000 1.0000000000000000 1.000000 -1152878.830939 284.890413 37.615110 147.599962 -283.637424 3068.660350 -7.500 -7.500 2.658506 0.000000 1.578 n/a n/a
15 5000.00 1358.00 100.000000 1.0000000000000000 1.000000 -1139985.674064 283.698932 36.610125 147.547531 -220.590303 2905.447993 -7.136 -7.136 2.731485 0.000000 1.578 n/a n/a
16 3000.00 1355.00 100.000000 1.0000000000000000 1.000000 -1146838.069354 284.014852 37.072171 147.570094 -250.690056 2974.283514 -7.345 -7.345 2.697441 0.000000 1.589 n/a n/a
15 7000.00 1358.00 100.000000 1.0000000000000000 1.000000 -1133645.864891 283.122663 36.196998 147.529784 -192.971054 2861.426140 -6.960 -6.960 2.762660 0.000000 1.578 n/a n/a
16 1000.00 1355.00 100.000000 1.0000000000000000 1.000000 -1153321.629981 284.618699 37.605905 147.599399 -283.477469 3068.365885 -7.530 -7.530 2.659157 0.000000 1.589 n/a n/a
16 5000.00 1355.00 100.000000 1.0000000000000000 1.000000 -1140428.314998 283.427315 36.601409 147.546425 -220.505517 2905.257360 -7.164 -7.164 2.732135 0.000000 1.589 n/a n/a
17 3000.00 1352.00 100.000000 1.0000000000000000 1.000000 -1147280.778395 283.742692 37.063249 147.569266 -250.567763 2974.038023 -7.374 -7.374 2.698091 0.000000 1.599 n/a n/a
16 7000.00 1355.00 100.000000 1.0000000000000000 1.000000 -1134088.452152 282.851078 36.188414 147.528391 -192.923852 2861.287422 -6.988 -6.988 2.763315 0.000000 1.589 n/a n/a
17 1000.00 1352.00 100.000000 1.0000000000000000 1.000000 -1153764.427332 284.346485 37.596700 147.598835 -283.317593 3068.068478 -7.559 -7.559 2.659808 0.000000 1.599 n/a n/a
17 5000.00 1352.00 100.000000 1.0000000000000000 1.000000 -1140870.952618 283.155199 36.592694 147.545322 -220.420809 2905.063783 -7.193 -7.193 2.732786 0.000000 1.599 n/a n/a
18 3000.00 1349.00 100.000000 1.0000000000000000 1.000000 -1147723.484953 283.470030 37.054327 147.568439 -250.445549 2973.789588 -7.403 -7.403 2.698740 0.000000 1.610 n/a n/a
17 7000.00 1352.00 100.000000 1.0000000000000000 1.000000 -1134531.035240 282.578996 36.179830 147.527002 -192.876728 2861.145761 -7.016 -7.016 2.763971 0.000000 1.599 n/a n/a
18 1000.00 1349.00 100.000000 1.0000000000000000 1.000000 -1154207.222993 284.073768 37.587496 147.598272 -283.157794 3067.768128 -7.588 -7.588 2.660459 0.000000 1.610 n/a n/a
18 5000.00 1349.00 100.000000 1.0000000000000000 1.000000 -1141313.586931 282.882582 36.583979 147.544221 -220.336178 2904.867264 -7.222 -7.222 2.733437 0.000000 1.610 n/a n/a
19 3000.00 1346.00 100.000000 1.0000000000000000 1.000000 -1148166.189032 283.196866 37.045406 147.567614 -250.323412 2973.538210 -7.432 -7.432 2.699390 0.000000 1.621 n/a n/a
18 7000.00 1349.00 100.000000 1.0000000000000000 1.000000 -1134973.614167 282.306413 36.171247 147.525617 -192.829682 2861.001157 -7.045 -7.045 2.764627 0.000000 1.610 n/a n/a
19 1000.00 1346.00 100.000000 1.0000000000000000 1.000000 -1154650.016965 283.800548 37.578294 147.597709 -282.998073 3067.464834 -7.617 -7.617 2.661111 0.000000 1.621 n/a n/a
19 5000.00 1346.00 100.000000 1.0000000000000000 1.000000 -1141756.217945 282.609463 36.575265 147.543122 -220.251626 2904.667802 -7.251 -7.251 2.734088 0.000000 1.621 n/a n/a
20 3000.00 1343.00 100.000000 1.0000000000000000 1.000000 -1148608.890637 282.923196 37.036486 147.566790 -250.201353 2973.283889 -7.461 -7.461 2.700040 0.000000 1.632 n/a n/a
19 7000.00 1346.00 100.000000 1.0000000000000000 1.000000 -1135416.188943 282.033328 36.162664 147.524235 -192.782714 2860.853610 -7.074 -7.074 2.765283 0.000000 1.621 n/a n/a
20 1000.00 1343.00 100.000000 1.0000000000000000 1.000000 -1155092.809248 283.526823 37.569092 147.597146 -282.838429 3067.158598 -7.647 -7.647 2.661763 0.000000 1.632 n/a n/a
20 5000.00 1343.00 100.000000 1.0000000000000000 1.000000 -1142198.845668 282.335839 36.566551 147.542026 -220.167152 2904.465396 -7.280 -7.280 2.734740 0.000000 1.632 n/a n/a
21 3000.00 1340.00 100.000000 1.0000000000000000 1.000000 -1149051.589771 282.649019 37.027566 147.565967 -250.079372 2973.026625 -7.491 -7.491 2.700691 0.000000 1.643 n/a n/a
20 7000.00 1343.00 100.000000 1.0000000000000000 1.000000 -1135858.759580 281.759739 36.154082 147.522857 -192.735824 2860.703120 -7.103 -7.103 2.765939 0.000000 1.632 n/a n/a
21 1000.00 1340.00 100.000000 1.0000000000000000 1.000000 -1155535.599843 283.252589 37.559891 147.596583 -282.678864 3066.849419 -7.677 -7.677 2.662415 0.000000 1.643 n/a n/a
21 5000.00 1340.00 100.000000 1.0000000000000000 1.000000 -1142641.470106 282.061708 36.557838 147.540933 -220.082755 2904.260048 -7.309 -7.309 2.735392 0.000000 1.643 n/a n/a
22 3000.00 1337.00 100.000000 1.0000000000000000 1.000000 -1149494.286438 282.374334 37.018647 147.565145 -249.957469 2972.766418 -7.520 -7.520 2.701341 0.000000 1.653 n/a n/a
21 7000.00 1340.00 100.000000 1.0000000000000000 1.000000 -1136301.326088 281.485645 36.145500 147.521482 -192.689012 2860.549687 -7.132 -7.132 2.766596 0.000000 1.643 n/a n/a
22 1000.00 1337.00 100.000000 1.0000000000000000 1.000000 -1155978.388749 282.977847 37.550690 147.596021 -282.519377 3066.537297 -7.706 -7.706 2.663067 0.000000 1.653 n/a n/a
22 5000.00 1337.00 100.000000 1.0000000000000000 1.000000 -1143084.091268 281.787070 36.549125 147.539842 -219.998436 2904.051756 -7.339 -7.339 2.736044 0.000000 1.653 n/a n/a
23 3000.00 1334.00 100.000000 1.0000000000000000 1.000000 -1149936.980642 282.099138 37.009730 147.564325 -249.835644 2972.503269 -7.550 -7.550 2.701992 0.000000 1.664 n/a n/a
22 7000.00 1337.00 100.000000 1.0000000000000000 1.000000 -1136743.888478 281.211043 36.136918 147.520112 -192.642277 2860.393311 -7.161 -7.161 2.767253 0.000000 1.653 n/a n/a
23 1000.00 1334.00 100.000000 1.0000000000000000 1.000000 -1156421.175968 282.702593 37.541491 147.595458 -282.359967 3066.222232 -7.736 -7.736 2.663719 0.000000 1.664 n/a n/a
23 5000.00 1334.00 100.000000 1.0000000000000000 1.000000 -1143526.709160 281.511921 36.540414 147.538753 -219.914195 2903.840522 -7.368 -7.368 2.736696 0.000000 1.664 n/a n/a
24 3000.00 1331.00 100.000000 1.0000000000000000 1.000000 -1150379.672387 281.823429 37.000812 147.563506 -249.713897 2972.237176 -7.580 -7.580 2.702643 0.000000 1.675 n/a n/a
23 7000.00 1334.00 100.000000 1.0000000000000000 1.000000 -1137186.446762 280.935931 36.128338 147.518745 -192.595621 2860.233992 -7.190 -7.190 2.767910 0.000000 1.664 n/a n/a
24 1000.00 1331.00 100.000000 1.0000000000000000 1.000000 -1156863.961499 282.426825 37.532293 147.594896 -282.200635 3065.904223 -7.767 -7.767 2.664372 0.000000 1.675 n/a n/a
24 5000.00 1331.00 100.000000 1.0000000000000000 1.000000 -1143969.323791 281.236260 36.531702 147.537667 -219.830032 2903.626345 -7.398 -7.398 2.737348 0.000000 1.675 n/a n/a
25 3000.00 1328.00 100.000000 1.0000000000000000 1.000000 -1150822.361677 281.547206 36.991896 147.562688 -249.592227 2971.968140 -7.610 -7.610 2.703295 0.000000 1.686 n/a n/a
24 7000.00 1331.00 100.000000 1.0000000000000000 1.000000 -1137629.000950 280.660308 36.119757 147.517381 -192.549042 2860.071730 -7.220 -7.220 2.768568 0.000000 1.675 n/a n/a
25 1000.00 1328.00 100.000000 1.0000000000000000 1.000000 -1157306.745343 282.150543 37.523096 147.594333 -282.041382 3065.583272 -7.797 -7.797 2.665025 0.000000 1.686 n/a n/a
25 5000.00 1328.00 100.000000 1.0000000000000000 1.000000 -1144411.935167 280.960085 36.522992 147.536584 -219.745947 2903.409224 -7.428 -7.428 2.738001 0.000000 1.686 n/a n/a
26 3000.00 1325.00 100.000000 1.0000000000000000 1.000000 -1151265.048515 281.270466 36.982981 147.561871 -249.470636 2971.696161 -7.640 -7.640 2.703946 0.000000 1.697 n/a n/a
25 7000.00 1328.00 100.000000 1.0000000000000000 1.000000 -1138071.551053 280.384171 36.111177 147.516021 -192.502541 2859.906525 -7.249 -7.249 2.769226 0.000000 1.686 n/a n/a
26 1000.00 1325.00 100.000000 1.0000000000000000 1.000000 -1157749.527500 281.873744 37.513900 147.593771 -281.882206 3065.259378 -7.827 -7.827 2.665679 0.000000 1.697 n/a n/a
26 5000.00 1325.00 100.000000 1.0000000000000000 1.000000 -1144854.543296 280.683395 36.514282 147.535503 -219.661940 2903.189161 -7.458 -7.458 2.738654 0.000000 1.697 n/a n/a
27 3000.00 1322.00 100.000000 1.0000000000000000 1.000000 -1151707.732906 280.993207 36.974066 147.561056 -249.349122 2971.421240 -7.671 -7.671 2.704598 0.000000 1.708 n/a n/a
26 7000.00 1325.00 100.000000 1.0000000000000000 1.000000 -1138514.097082 280.107520 36.102598 147.514665 -192.456118 2859.738377 -7.279 -7.279 2.769884 0.000000 1.697 n/a n/a
27 1000.00 1322.00 100.000000 1.0000000000000000 1.000000 -1158192.307970 281.596425 37.504704 147.593209 -281.723108 3064.932541 -7.858 -7.858 2.666332 0.000000 1.708 n/a n/a
27 5000.00 1322.00 100.000000 1.0000000000000000 1.000000 -1145297.148185 280.406186 36.505573 147.534424 -219.578010 2902.966155 -7.488 -7.488 2.739308 0.000000 1.708 n/a n/a
28 3000.00 1319.00 100.000000 1.0000000000000000 1.000000 -1152150.414854 280.715429 36.965152 147.560242 -249.227686 2971.143375 -7.701 -7.701 2.705251 0.000000 1.719 n/a n/a
27 7000.00 1322.00 100.000000 1.0000000000000000 1.000000 -1138956.639048 279.830350 36.094019 147.513313 -192.409773 2859.567286 -7.309 -7.309 2.770542 0.000000 1.708 n/a n/a
28 1000.00 1319.00 100.000000 1.0000000000000000 1.000000 -1158635.086755 281.318586 37.495510 147.592647 -281.564088 3064.602761 -7.888 -7.888 2.666986 0.000000 1.719 n/a n/a
28 5000.00 1319.00 100.000000 1.0000000000000000 1.000000 -1145739.749843 280.128458 36.496864 147.533348 -219.494159 2902.740206 -7.518 -7.518 2.739961 0.000000 1.719 n/a n/a
29 3000.00 1316.00 100.000000 1.0000000000000000 1.000000 -1152593.094361 280.437127 36.956239 147.559430 -249.106328 2970.862567 -7.732 -7.732 2.705903 0.000000 1.731 n/a n/a
28 7000.00 1319.00 100.000000 1.0000000000000000 1.000000 -1139399.176962 279.552662 36.085440 147.511964 -192.363506 2859.393252 -7.339 -7.339 2.771201 0.000000 1.719 n/a n/a
29 1000.00 1316.00 100.000000 1.0000000000000000 1.000000 -1159077.863854 281.040223 37.486317 147.592085 -281.405145 3064.270038 -7.919 -7.919 2.667640 0.000000 1.731 n/a n/a
29 5000.00 1316.00 100.000000 1.0000000000000000 1.000000 -1146182.348275 279.850208 36.488156 147.532274 -219.410385 2902.511313 -7.548 -7.548 2.740615 0.000000 1.731 n/a n/a
30 3000.00 1313.00 100.000000 1.0000000000000000 1.000000 -1153035.771433 280.158302 36.947327 147.558618 -248.985048 2970.578817 -7.762 -7.762 2.706556 0.000000 1.742 n/a n/a
29 7000.00 1316.00 100.000000 1.0000000000000000 1.000000 -1139841.710834 279.274453 36.076862 147.510619 -192.317317 2859.216276 -7.369 -7.369 2.771860 0.000000 1.731 n/a n/a
30 1000.00 1313.00 100.000000 1.0000000000000000 1.000000 -1159520.639267 280.761336 37.477124 147.591523 -281.246281 3063.934371 -7.950 -7.950 2.668294 0.000000 1.742 n/a n/a
30 5000.00 1313.00 100.000000 1.0000000000000000 1.000000 -1146624.943489 279.571434 36.479449 147.531203 -219.326689 2902.279478 -7.579 -7.579 2.741269 0.000000 1.742 n/a n/a
31 3000.00 1310.00 100.000000 1.0000000000000000 1.000000 -1153478.446072 279.878950 36.938416 147.557808 -248.863846 2970.292123 -7.793 -7.793 2.707209 0.000000 1.753 n/a n/a
30 7000.00 1313.00 100.000000 1.0000000000000000 1.000000 -1140284.240677 278.995720 36.068285 147.509277 -192.271205 2859.036356 -7.400 -7.400 2.772519 0.000000 1.742 n/a n/a
31 1000.00 1310.00 100.000000 1.0000000000000000 1.000000 -1159963.412995 280.481921 37.467933 147.590962 -281.087494 3063.595762 -7.981 -7.981 2.668949 0.000000 1.753 n/a n/a
31 5000.00 1310.00 100.000000 1.0000000000000000 1.000000 -1147067.535494 279.292134 36.470743 147.530134 -219.243071 2902.044700 -7.609 -7.609 2.741924 0.000000 1.753 n/a n/a
32 3000.00 1307.00 100.000000 1.0000000000000000 1.000000 -1153921.118283 279.599070 36.929505 147.556999 -248.742721 2970.002486 -7.824 -7.824 2.707862 0.000000 1.764 n/a n/a
31 7000.00 1310.00 100.000000 1.0000000000000000 1.000000 -1140726.766500 278.716462 36.059708 147.507939 -192.225172 2858.853493 -7.430 -7.430 2.773178 0.000000 1.753 n/a n/a
32 1000.00 1307.00 100.000000 1.0000000000000000 1.000000 -1160406.185038 280.201978 37.458743 147.590400 -280.928786 3063.254210 -8.012 -8.012 2.669604 0.000000 1.764 n/a n/a
32 5000.00 1307.00 100.000000 1.0000000000000000 1.000000 -1147510.124296 279.012307 36.462037 147.529068 -219.159531 2901.806979 -7.640 -7.640 2.742579 0.000000 1.764 n/a n/a
33 3000.00 1304.00 100.000000 1.0000000000000000 1.000000 -1154363.788070 279.318660 36.920596 147.556192 -248.621675 2969.709907 -7.855 -7.855 2.708515 0.000000 1.776 n/a n/a
32 7000.00 1307.00 100.000000 1.0000000000000000 1.000000 -1141169.288315 278.436677 36.051132 147.506605 -192.179216 2858.667687 -7.461 -7.461 2.773838 0.000000 1.764 n/a n/a
33 1000.00 1304.00 100.000000 1.0000000000000000 1.000000 -1160848.955396 279.921504 37.449554 147.589839 -280.770155 3062.909715 -8.044 -8.044 2.670259 0.000000 1.776 n/a n/a
33 5000.00 1304.00 100.000000 1.0000000000000000 1.000000 -1147952.709902 278.731950 36.453332 147.528004 -219.076069 2901.566314 -7.671 -7.671 2.743233 0.000000 1.776 n/a n/a
34 3000.00 1301.00 100.000000 1.0000000000000000 1.000000 -1154806.455436 279.037717 36.911687 147.555386 -248.500706 2969.414384 -7.887 -7.887 2.709169 0.000000 1.787 n/a n/a
33 7000.00 1304.00 100.000000 1.0000000000000000 1.000000 -1141611.806132 278.156363 36.042556 147.505274 -192.133338 2858.478938 -7.491 -7.491 2.774498 0.000000 1.776 n/a n/a
34 1000.00 1301.00 100.000000 1.0000000000000000 1.000000 -1161291.724070 279.640497 37.440365 147.589277 -280.611602 3062.562277 -8.075 -8.075 2.670914 0.000000 1.787 n/a n/a
35 3000.00 1298.00 100.000000 1.0000000000000000 1.000000 -1155249.120385 278.756240 36.902779 147.554581 -248.379816 2969.115918 -7.918 -7.918 2.709823 0.000000 1.798 n/a n/a
34 5000.00 1301.00 100.000000 1.0000000000000000 1.000000 -1148395.292320 278.451061 36.444627 147.526942 -218.992685 2901.322707 -7.702 -7.702 2.743889 0.000000 1.787 n/a n/a
34 7000.00 1301.00 100.000000 1.0000000000000000 1.000000 -1142054.319963 277.875517 36.033981 147.503947 -192.087538 2858.287247 -7.522 -7.522 2.775158 0.000000 1.787 n/a n/a
35 1000.00 1298.00 100.000000 1.0000000000000000 1.000000 -1161734.491060 279.358955 37.431178 147.588716 -280.453127 3062.211896 -8.107 -8.107 2.671570 0.000000 1.798 n/a n/a
36 3000.00 1295.00 100.000000 1.0000000000000000 1.000000 -1155691.782921 278.474226 36.893872 147.553777 -248.259003 2968.814510 -7.950 -7.950 2.710477 0.000000 1.810 n/a n/a
35 5000.00 1298.00 100.000000 1.0000000000000000 1.000000 -1148837.871558 278.169638 36.435924 147.525883 -218.909379 2901.076157 -7.733 -7.733 2.744544 0.000000 1.798 n/a n/a
35 7000.00 1298.00 100.000000 1.0000000000000000 1.000000 -1142496.829817 277.594139 36.025406 147.502623 -192.041816 2858.092612 -7.553 -7.553 2.775819 0.000000 1.798 n/a n/a
36 1000.00 1295.00 100.000000 1.0000000000000000 1.000000 -1162177.256366 279.076876 37.421992 147.588155 -280.294730 3061.858572 -8.139 -8.139 2.672225 0.000000 1.810 n/a n/a
37 3000.00 1292.00 100.000000 1.0000000000000000 1.000000 -1156134.443048 278.191674 36.884966 147.552975 -248.138268 2968.510158 -7.981 -7.981 2.711132 0.000000 1.821 n/a n/a
36 5000.00 1295.00 100.000000 1.0000000000000000 1.000000 -1149280.447622 277.887680 36.427221 147.524827 -218.826150 2900.826664 -7.765 -7.765 2.745200 0.000000 1.810 n/a n/a
36 7000.00 1295.00 100.000000 1.0000000000000000 1.000000 -1142939.335707 277.312225 36.016832 147.501304 -191.996172 2857.895034 -7.584 -7.584 2.776480 0.000000 1.810 n/a n/a
37 1000.00 1292.00 100.000000 1.0000000000000000 1.000000 -1162620.019989 278.794258 37.412807 147.587594 -280.136410 3061.502305 -8.171 -8.171 2.672882 0.000000 1.821 n/a n/a
38 3000.00 1289.00 100.000000 1.0000000000000000 1.000000 -1156577.100770 277.908581 36.876061 147.552173 -248.017611 2968.202864 -8.013 -8.013 2.711786 0.000000 1.833 n/a n/a
37 5000.00 1292.00 100.000000 1.0000000000000000 1.000000 -1149723.020520 277.605183 36.418519 147.523772 -218.742999 2900.574228 -7.796 -7.796 2.745856 0.000000 1.821 n/a n/a
37 7000.00 1292.00 100.000000 1.0000000000000000 1.000000 -1143381.837643 277.029774 36.008259 147.499987 -191.950605 2857.694513 -7.616 -7.616 2.777141 0.000000 1.821 n/a n/a
38 1000.00 1289.00 100.000000 1.0000000000000000 1.000000 -1163062.781928 278.511098 37.403623 147.587033 -279.978169 3061.143095 -8.203 -8.203 2.673538 0.000000 1.833 n/a n/a
39 3000.00 1286.00 100.000000 1.0000000000000000 1.000000 -1157019.756090 277.624946 36.867157 147.551373 -247.897031 2967.892626 -8.045 -8.045 2.712441 0.000000 1.845 n/a n/a
38 5000.00 1289.00 100.000000 1.0000000000000000 1.000000 -1150165.590259 277.322147 36.409817 147.522721 -218.659927 2900.318849 -7.828 -7.828 2.746512 0.000000 1.833 n/a n/a
38 7000.00 1289.00 100.000000 1.0000000000000000 1.000000 -1143824.335635 276.746783 35.999686 147.498675 -191.905117 2857.491050 -7.647 -7.647 2.777802 0.000000 1.833 n/a n/a
39 1000.00 1286.00 100.000000 1.0000000000000000 1.000000 -1163505.542184 278.227396 37.394440 147.586472 -279.820005 3060.780942 -8.235 -8.235 2.674194 0.000000 1.845 n/a n/a
40 3000.00 1283.00 100.000000 1.0000000000000000 1.000000 -1157462.409012 277.340766 36.858254 147.550575 -247.776530 2967.579446 -8.078 -8.078 2.713097 0.000000 1.856 n/a n/a
39 5000.00 1286.00 100.000000 1.0000000000000000 1.000000 -1150608.156846 277.038568 36.401117 147.521671 -218.576932 2900.060526 -7.860 -7.860 2.747168 0.000000 1.845 n/a n/a
39 7000.00 1286.00 100.000000 1.0000000000000000 1.000000 -1144266.829695 276.463251 35.991114 147.497366 -191.859706 2857.284643 -7.679 -7.679 2.778464 0.000000 1.845 n/a n/a
40 1000.00 1283.00 100.000000 1.0000000000000000 1.000000 -1163948.300758 277.943148 37.385258 147.585911 -279.661920 3060.415846 -8.268 -8.268 2.674851 0.000000 1.856 n/a n/a
41 3000.00 1280.00 100.000000 1.0000000000000000 1.000000 -1157905.059539 277.056039 36.849352 147.549777 -247.656106 2967.263322 -8.110 -8.110 2.713752 0.000000 1.868 n/a n/a
40 5000.00 1283.00 100.000000 1.0000000000000000 1.000000 -1151050.720290 276.754446 36.392417 147.520625 -218.494015 2899.799261 -7.892 -7.892 2.747825 0.000000 1.856 n/a n/a
41 1000.00 1280.00 100.000000 1.0000000000000000 1.000000 -1164391.057649 277.658353 37.376078 147.585350 -279.503912 3060.047807 -8.300 -8.300 2.675508 0.000000 1.868 n/a n/a
40 7000.00 1283.00 100.000000 1.0000000000000000 1.000000 -1144709.319833 276.179176 35.982543 147.496060 -191.814374 2857.075293 -7.710 -7.710 2.779125 0.000000 1.856 n/a n/a
42 3000.00 1277.00 100.000000 1.0000000000000000 1.000000 -1158347.707677 276.770763 36.840450 147.548981 -247.535761 2966.944256 -8.142 -8.142 2.714408 0.000000 1.880 n/a n/a
41 5000.00 1280.00 100.000000 1.0000000000000000 1.000000 -1151493.280597 276.469777 36.383718 147.519580 -218.411175 2899.535053 -7.924 -7.924 2.748482 0.000000 1.868 n/a n/a
42 1000.00 1277.00 100.000000 1.0000000000000000 1.000000 -1164833.812857 277.373008 37.366898 147.584789 -279.345982 3059.676825 -8.333 -8.333 2.676165 0.000000 1.880 n/a n/a
41 7000.00 1280.00 100.000000 1.0000000000000000 1.000000 -1145151.806061 275.894555 35.973972 147.494759 -191.769119 2856.863001 -7.742 -7.742 2.779788 0.000000 1.868 n/a n/a
43 3000.00 1274.00 100.000000 1.0000000000000000 1.000000 -1158790.353428 276.484936 36.831550 147.548186 -247.415493 2966.622246 -8.175 -8.175 2.715064 0.000000 1.891 n/a n/a
42 5000.00 1277.00 100.000000 1.0000000000000000 1.000000 -1151935.837774 276.184560 36.375020 147.518538 -218.328414 2899.267902 -7.956 -7.956 2.749139 0.000000 1.880 n/a n/a
42 7000.00 1277.00 100.000000 1.0000000000000000 1.000000 -1145594.288389 275.609386 35.965401 147.493460 -191.723942 2856.647765 -7.774 -7.774 2.780450 0.000000 1.880 n/a n/a
43 1000.00 1274.00 100.000000 1.0000000000000000 1.000000 -1165276.566384 277.087111 37.357720 147.584229 -279.188130 3059.302900 -8.366 -8.366 2.676823 0.000000 1.891 n/a n/a
44 3000.00 1271.00 100.000000 1.0000000000000000 1.000000 -1159232.996796 276.198556 36.822651 147.547393 -247.295303 2966.297294 -8.208 -8.208 2.715720 0.000000 1.903 n/a n/a
43 5000.00 1274.00 100.000000 1.0000000000000000 1.000000 -1152378.391829 275.898792 36.366322 147.517499 -218.245731 2898.997808 -7.989 -7.989 2.749797 0.000000 1.891 n/a n/a
43 7000.00 1274.00 100.000000 1.0000000000000000 1.000000 -1146036.766827 275.323667 35.956832 147.492166 -191.678843 2856.429586 -7.807 -7.807 2.781113 0.000000 1.891 n/a n/a
44 1000.00 1271.00 100.000000 1.0000000000000000 1.000000 -1165719.318229 276.800661 37.348542 147.583668 -279.030355 3058.926032 -8.399 -8.399 2.677481 0.000000 1.903 n/a n/a
45 3000.00 1268.00 100.000000 1.0000000000000000 1.000000 -1159675.637785 275.911621 36.813752 147.546600 -247.175191 2965.969398 -8.241 -8.241 2.716376 0.000000 1.915 n/a n/a
44 5000.00 1271.00 100.000000 1.0000000000000000 1.000000 -1152820.942769 275.612472 36.357626 147.516462 -218.163125 2898.724771 -8.021 -8.021 2.750455 0.000000 1.903 n/a n/a
44 7000.00 1271.00 100.000000 1.0000000000000000 1.000000 -1146479.241388 275.037396 35.948263 147.490875 -191.633821 2856.208465 -7.839 -7.839 2.781776 0.000000 1.903 n/a n/a
45 1000.00 1268.00 100.000000 1.0000000000000000 1.000000 -1166162.068392 276.513655 37.339366 147.583107 -278.872659 3058.546222 -8.432 -8.432 2.678139 0.000000 1.915 n/a n/a
45 5000.00 1268.00 100.000000 1.0000000000000000 1.000000 -1153263.490601 275.325596 36.348930 147.515427 -218.080597 2898.448791 -8.054 -8.054 2.751113 0.000000 1.915 n/a n/a
45 7000.00 1268.00 100.000000 1.0000000000000000 1.000000 -1146921.712081 274.750571 35.939694 147.489588 -191.588878 2855.984400 -7.871 -7.871 2.782439 0.000000 1.915 n/a n/a
46 3000.00 1265.00 100.000000 1.0000000000000000 1.000000 -1160118.276399 275.624127 36.804855 147.545809 -247.055157 2965.638560 -8.274 -8.274 2.717033 0.000000 1.927 n/a n/a
47 3000.00 1262.00 100.000000 1.0000000000000000 1.000000 -1160560.912641 275.336075 36.795958 147.545019 -246.935201 2965.304778 -8.307 -8.307 2.717690 0.000000 1.939 n/a n/a
46 1000.00 1265.00 100.000000 1.0000000000000000 1.000000 -1166604.816874 276.226090 37.330191 147.582547 -278.715041 3058.163468 -8.465 -8.465 2.678797 0.000000 1.927 n/a n/a
48 3000.00 1259.00 100.000000 1.0000000000000000 1.000000 -1161003.546515 275.047460 36.787063 147.544231 -246.815322 2964.968054 -8.341 -8.341 2.718347 0.000000 1.951 n/a n/a
46 5000.00 1265.00 100.000000 1.0000000000000000 1.000000 -1153706.035333 275.038164 36.340235 147.514395 -217.998148 2898.169868 -8.087 -8.087 2.751771 0.000000 1.927 n/a n/a
46 7000.00 1265.00 100.000000 0.9905572040701222 0.991898 -1147774.888960 274.196336 35.888683 147.139047 -190.606123 2846.793449 -7.906 -7.906 2.782628 3.247391 1.933 n/a n/a
47 1000.00 1262.00 100.000000 1.0000000000000000 1.000000 -1167047.563675 275.937965 37.321017 147.581987 -278.557500 3057.777771 -8.499 -8.499 2.679455 0.000000 1.939 n/a n/a
49 3000.00 1256.00 100.000000 1.0000000000000000 1.000000 -1161446.178025 274.758281 36.778168 147.543443 -246.695522 2964.628386 -8.374 -8.374 2.719004 0.000000 1.963 n/a n/a
47 5000.00 1262.00 100.000000 1.0000000000000000 1.000000 -1154148.576972 274.750173 36.331541 147.513365 -217.915776 2897.888002 -8.120 -8.120 2.752429 0.000000 1.939 n/a n/a
47 7000.00 1266.00 100.000000 0.9955935911650030 0.996221 -1147408.277829 274.434604 35.914185 147.325781 -191.121054 2851.652990 -7.894 -7.894 2.782662 3.246647 1.926 n/a n/a
48 1000.00 1259.00 100.000000 1.0000000000000000 1.000000 -1167490.308794 275.649278 37.311844 147.581426 -278.400037 3057.389131 -8.533 -8.533 2.680114 0.000000 1.951 n/a n/a
50 3000.00 1253.00 100.000000 1.0000000000000000 1.000000 -1161888.807175 274.468536 36.769275 147.542657 -246.575799 2964.285776 -8.408 -8.408 2.719662 0.000000 1.975 n/a n/a
48 5000.00 1259.00 100.000000 1.0000000000000000 1.000000 -1154591.115525 274.461620 36.322848 147.512338 -217.833482 2897.603193 -8.153 -8.153 2.753088 0.000000 1.951 n/a n/a
48 7000.00 1267.00 100.000000 1.0000000000000000 1.000000 -1147069.201454 274.654839 35.936839 147.489159 -191.573914 2855.909058 -7.882 -7.882 2.782660 0.000000 1.919 n/a n/a
49 1000.00 1256.00 100.000000 1.0000000000000000 1.000000 -1167933.052233 275.360026 37.302673 147.580866 -278.242653 3056.997548 -8.566 -8.566 2.680773 0.000000 1.963 n/a n/a
51 3000.00 1250.00 100.000000 1.0000000000000000 1.000000 -1162331.433969 274.178222 36.760383 147.541872 -246.456154 2963.940223 -8.442 -8.442 2.720320 0.000000 1.987 n/a n/a
49 5000.00 1256.00 100.000000 1.0000000000000000 1.000000 -1155033.651000 274.172504 36.314155 147.511313 -217.751265 2897.315441 -8.186 -8.186 2.753747 0.000000 1.963 n/a n/a
49 7000.00 1266.00 100.000000 0.9955935911659415 0.996221 -1147408.277829 274.434604 35.914185 147.325781 -191.121054 2851.652990 -7.894 -7.894 2.782662 3.246647 1.926 n/a n/a
52 3000.00 1247.00 100.000000 1.0000000000000000 1.000000 -1162774.058409 273.887337 36.751491 147.541088 -246.336588 2963.591726 -8.476 -8.476 2.720978 0.000000 1.999 n/a n/a
50 5000.00 1253.00 100.000000 1.0000000000000000 1.000000 -1155476.183403 273.882822 36.305464 147.510290 -217.669127 2897.024746 -8.220 -8.220 2.754406 0.000000 1.975 n/a n/a
50 7000.00 1266.10 100.000000 0.9960989054386111 0.996654 -1147371.550883 274.458465 35.916741 147.344513 -191.172743 2852.140159 -7.893 -7.893 2.782665 3.246574 1.925 n/a n/a
53 3000.00 1244.00 100.000000 1.0000000000000000 1.000000 -1163216.680501 273.595880 36.742601 147.540306 -246.217098 2963.240287 -8.510 -8.510 2.721636 0.000000 2.012 n/a n/a
51 1000.00 1250.00 100.000000 1.0000000000000000 1.000000 -1168818.534070 274.779819 37.284333 147.579746 -277.928116 3056.205553 -8.635 -8.635 2.682092 0.000000 1.987 n/a n/a
51 5000.00 1250.00 100.000000 1.0000000000000000 1.000000 -1155918.712742 273.592572 36.296773 147.509270 -217.587067 2896.731108 -8.254 -8.254 2.755066 0.000000 1.987 n/a n/a
51 7000.00 1266.20 100.000000 0.9966045170316795 0.997088 -1147334.812673 274.482332 35.919299 147.363256 -191.224468 2852.627552 -7.892 -7.892 2.782668 3.246500 1.924 n/a n/a
54 3000.00 1241.00 100.000000 1.0000000000000000 1.000000 -1163659.300247 273.303847 36.733712 147.539525 -246.097687 2962.885905 -8.545 -8.545 2.722295 0.000000 2.024 n/a n/a
52 1000.00 1247.00 100.000000 1.0000000000000000 1.000000 -1169261.272468 274.488859 37.275165 147.579186 -277.770965 3055.805142 -8.669 -8.669 2.682751 0.000000 1.999 n/a n/a
52 5000.00 1247.00 100.000000 1.0000000000000000 1.000000 -1156361.239024 273.301752 36.288084 147.508252 -217.505084 2896.434527 -8.287 -8.287 2.755726 0.000000 1.999 n/a n/a
52 7000.00 1266.30 100.000000 0.9971104238429030 0.997522 -1147298.063395 274.506204 35.921858 147.382009 -191.276228 2853.115168 -7.890 -7.890 2.782671 3.246427 1.924 n/a n/a
55 3000.00 1238.00 100.000000 1.0000000000000000 1.000000 -1164101.917651 273.011236 36.724824 147.538745 -245.978354 2962.528579 -8.579 -8.579 2.722954 0.000000 2.036 n/a n/a
53 1000.00 1244.00 100.000000 1.0000000000000000 1.000000 -1169704.009186 274.197326 37.265998 147.578626 -277.613892 3055.401787 -8.703 -8.703 2.683411 0.000000 2.012 n/a n/a
53 5000.00 1244.00 100.000000 1.0000000000000000 1.000000 -1156803.762257 273.010360 36.279395 147.507237 -217.423179 2896.135003 -8.321 -8.321 2.756386 0.000000 2.012 n/a n/a
56 3000.00 1235.00 100.000000 1.0000000000000000 1.000000 -1164544.532717 272.718045 36.715937 147.537966 -245.859099 2962.168311 -8.614 -8.614 2.723613 0.000000 2.049 n/a n/a
53 7000.00 1266.40 100.000000 0.9976166236775401 0.997956 -1147261.303256 274.530082 35.924418 147.400772 -191.328024 2853.603008 -7.889 -7.889 2.782674 3.246354 1.923 n/a n/a
54 1000.00 1241.00 100.000000 1.0000000000000000 1.000000 -1170146.744224 273.905217 37.256833 147.578066 -277.456896 3054.995489 -8.738 -8.738 2.684071 0.000000 2.024 n/a n/a
54 5000.00 1241.00 100.000000 1.0000000000000000 1.000000 -1157246.282448 272.718392 36.270707 147.506224 -217.341353 2895.832536 -8.356 -8.356 2.757046 0.000000 2.024 n/a n/a
57 3000.00 1232.00 100.000000 1.0000000000000000 1.000000 -1164987.145449 272.424272 36.707051 147.537189 -245.739921 2961.805100 -8.649 -8.649 2.724272 0.000000 2.061 n/a n/a
54 7000.00 1266.50 100.000000 0.9981231142417516 0.998391 -1147224.532469 274.553966 35.926980 147.419545 -191.379855 2854.091073 -7.888 -7.888 2.782677 3.246282 1.922 n/a n/a
55 1000.00 1238.00 100.000000 1.0000000000000000 1.000000 -1170589.477583 273.612530 37.247668 147.577506 -277.299979 3054.586248 -8.773 -8.773 2.684732 0.000000 2.036 n/a n/a
55 5000.00 1238.00 100.000000 1.0000000000000000 1.000000 -1157688.799604 272.425848 36.262020 147.505214 -217.259604 2895.527127 -8.390 -8.390 2.757706 0.000000 2.036 n/a n/a
58 3000.00 1229.00 100.000000 1.0000000000000000 1.000000 -1165429.755850 272.129915 36.698166 147.536412 -245.620821 2961.438945 -8.684 -8.684 2.724932 0.000000 2.074 n/a n/a
55 7000.00 1266.60 100.000000 0.9986298931361300 0.998825 -1147187.751253 274.577854 35.929542 147.438327 -191.431720 2854.579364 -7.887 -7.887 2.782681 3.246209 1.921 n/a n/a
56 1000.00 1235.00 100.000000 1.0000000000000000 1.000000 -1171032.209262 273.319262 37.238505 147.576947 -277.143139 3054.174065 -8.808 -8.808 2.685392 0.000000 2.049 n/a n/a
56 5000.00 1235.00 100.000000 1.0000000000000000 1.000000 -1158131.313732 272.132724 36.253334 147.504206 -217.177933 2895.218774 -8.425 -8.425 2.758367 0.000000 2.049 n/a n/a
59 3000.00 1226.00 100.000000 1.0000000000000000 1.000000 -1165872.363925 271.834971 36.689282 147.535637 -245.501800 2961.069848 -8.719 -8.719 2.725592 0.000000 2.086 n/a n/a
56 7000.00 1266.70 100.000000 0.9991369578607501 0.999260 -1147150.959840 274.601748 35.932105 147.457120 -191.483621 2855.067879 -7.886 -7.886 2.782684 3.246137 1.921 n/a n/a
57 1000.00 1232.00 100.000000 1.0000000000000000 1.000000 -1171474.939262 273.025411 37.229343 147.576387 -276.986377 3053.758938 -8.843 -8.843 2.686053 0.000000 2.061 n/a n/a
57 5000.00 1232.00 100.000000 0.9880442527956164 0.989818 -1159081.911776 271.501719 36.188618 147.056710 -215.845913 2882.665065 -8.460 -8.460 2.758348 3.244648 2.068 n/a n/a
60 3000.00 1223.00 100.000000 1.0000000000000000 1.000000 -1166314.969676 271.539437 36.680400 147.534864 -245.382856 2960.697808 -8.755 -8.755 2.726252 0.000000 2.099 n/a n/a
57 7000.00 1266.80 100.000000 0.9996443057963078 0.999695 -1147114.158467 274.625646 35.934670 147.475922 -191.535556 2855.556622 -7.885 -7.885 2.782687 3.246065 1.920 n/a n/a
58 1000.00 1229.00 100.000000 1.0000000000000000 1.000000 -1171917.667583 272.730975 37.220183 147.575827 -276.829693 3053.340868 -8.878 -8.878 2.686714 0.000000 2.074 n/a n/a
61 3000.00 1220.00 100.000000 1.0000000000000000 1.000000 -1166757.573108 271.243312 36.671518 147.534091 -245.263990 2960.322825 -8.790 -8.790 2.726912 0.000000 2.111 n/a n/a
58 5000.00 1233.00 100.000000 0.9930815356534599 0.994111 -1158720.491753 271.741761 36.215118 147.245143 -216.399809 2887.937404 -8.448 -8.448 2.758419 3.243822 2.061 n/a n/a
58 7000.00 1266.90 100.000000 1.0000000000000000 1.000000 -1147083.950368 274.645262 35.936553 147.489117 -191.572418 2855.901506 -7.883 -7.883 2.782682 0.000000 1.919 n/a n/a
59 1000.00 1226.00 100.000000 1.0000000000000000 1.000000 -1172360.394226 272.435952 37.211023 147.575268 -276.673087 3052.919856 -8.914 -8.914 2.687376 0.000000 2.086 n/a n/a
62 3000.00 1217.00 100.000000 1.0000000000000000 1.000000 -1167200.174225 270.946593 36.662638 147.533320 -245.145202 2959.944899 -8.826 -8.826 2.727572 0.000000 2.124 n/a n/a
59 5000.00 1234.00 100.000000 0.9981593082288244 0.998434 -1158357.122057 271.982938 36.241811 147.435119 -216.958139 2893.235882 -8.436 -8.436 2.758485 3.243001 2.054 n/a n/a
59 7000.00 1266.80 100.000000 0.9996443057950618 0.999695 -1147114.158467 274.625646 35.934670 147.475922 -191.535556 2855.556622 -7.885 -7.885 2.782687 3.246065 1.920 n/a n/a
60 1000.00 1223.00 100.000000 1.0000000000000000 1.000000 -1172803.119189 272.140339 37.201865 147.574708 -276.516559 3052.495900 -8.950 -8.950 2.688037 0.000000 2.099 n/a n/a
63 3000.00 1214.00 100.000000 1.0000000000000000 1.000000 -1167642.773029 270.649277 36.653758 147.532550 -245.026491 2959.564029 -8.862 -8.862 2.728233 0.000000 2.137 n/a n/a
60 5000.00 1235.00 100.000000 1.0000000000000000 1.000000 -1158131.313732 272.132724 36.253334 147.504206 -217.177933 2895.218774 -8.425 -8.425 2.758367 0.000000 2.049 n/a n/a
61 1000.00 1220.00 100.000000 1.0000000000000000 1.000000 -1173245.842474 271.844133 37.192708 147.574149 -276.360109 3052.069001 -8.986 -8.986 2.688699 0.000000 2.111 n/a n/a
60 7000.00 1267.20 100.000000 1.0000000000000000 1.000000 -1147039.703614 274.673990 35.937410 147.489245 -191.576906 2855.924153 -7.880 -7.880 2.782616 0.000000 1.918 n/a n/a
64 3000.00 1211.00 100.000000 1.0000000000000000 1.000000 -1168085.369525 270.351363 36.644880 147.531781 -244.907859 2959.180217 -8.898 -8.898 2.728894 0.000000 2.150 n/a n/a
61 5000.00 1234.00 100.000000 0.9981593082285591 0.998434 -1158357.122057 271.982938 36.241811 147.435119 -216.958139 2893.235882 -8.436 -8.436 2.758485 3.243001 2.054 n/a n/a
62 1000.00 1217.00 100.000000 1.0000000000000000 1.000000 -1173688.564081 271.547333 37.183553 147.573589 -276.203736 3051.639160 -9.022 -9.022 2.689361 0.000000 2.124 n/a n/a
61 7000.00 1266.90 100.000000 1.0000000000000000 1.000000 -1147083.950368 274.645262 35.936553 147.489117 -191.572418 2855.901506 -7.883 -7.883 2.782682 0.000000 1.919 n/a n/a
65 3000.00 1208.00 100.000000 1.0000000000000000 1.000000 -1168527.963716 270.052847 36.636003 147.531013 -244.789304 2958.793462 -8.934 -8.934 2.729555 0.000000 2.162 n/a n/a
62 5000.00 1234.10 100.000000 0.9986693364472125 0.998868 -1158320.677431 272.007119 36.244491 147.454202 -217.014219 2893.767199 -8.435 -8.435 2.758492 3.242919 2.053 n/a n/a
63 1000.00 1214.00 100.000000 1.0000000000000000 1.000000 -1174131.284010 271.249936 37.174399 147.573030 -276.047441 3051.206375 -9.058 -9.058 2.690023 0.000000 2.137 n/a n/a
62 7000.00 1267.00 100.000000 1.0000000000000000 1.000000 -1147069.201454 274.654839 35.936839 147.489159 -191.573914 2855.909058 -7.882 -7.882 2.782660 0.000000 1.919 n/a n/a
66 3000.00 1205.00 100.000000 1.0000000000000000 1.000000 -1168964.231853 269.758003 36.627128 144.111278 -244.670828 2958.403764 -8.971 -8.971 2.730217 0.000000 2.175 n/a n/a
63 5000.00 1234.20 100.000000 0.9991797764099530 0.999302 -1158284.213194 272.031310 36.247173 147.473301 -217.070345 2894.298788 -8.434 -8.434 2.758498 3.242837 2.052 n/a n/a
64 1000.00 1211.00 100.000000 1.0000000000000000 1.000000 -1174574.002260 270.951940 37.165246 147.572471 -275.891225 3050.770647 -9.094 -9.094 2.690686 0.000000 2.150 n/a n/a
63 7000.00 1261.96 100.000000 0.9754550032224621 0.978910 -1148880.151969 273.477060 35.812034 146.578916 -189.064123 2832.162126 -7.942 -7.942 2.782503 3.249729 1.954 n/a n/a
67 3000.00 1202.00 100.000000 1.0000000000000000 1.000000 -1169396.560977 269.465226 36.618253 144.108130 -244.552429 2958.011123 -9.008 -9.008 2.730879 0.000000 2.188 n/a n/a
65 1000.00 1208.00 100.000000 1.0000000000000000 1.000000 -1175016.718833 270.653342 37.156094 147.571911 -275.735086 3050.331977 -9.131 -9.131 2.691349 0.000000 2.162 n/a n/a
64 5000.00 1234.30 100.000000 0.9996906287503218 0.999737 -1158247.729337 272.055513 36.249857 147.492415 -217.126516 2894.830648 -8.433 -8.433 2.758504 3.242755 2.052 n/a n/a
64 7000.00 1256.92 97.547706 0.9754086630321055 0.978897 -1120423.606831 266.403707 34.935399 142.750539 -186.005785 2775.607207 -8.003 -8.003 2.782282 3.253744 1.990 n/a n/a
66 1000.00 1205.00 100.000000 1.0000000000000000 1.000000 -1175453.109975 270.358415 37.146944 144.152383 -275.579025 3049.890363 -9.167 -9.167 2.692012 0.000000 2.175 n/a n/a
68 3000.00 1199.00 100.000000 0.9929521966537936 0.994055 -1170120.385058 268.973941 36.575008 143.853904 -243.661727 2949.767707 -9.044 -9.044 2.731074 3.241225 2.206 n/a n/a
65 5000.00 1234.40 100.000000 1.0000000000000000 1.000000 -1158219.816195 272.074030 36.251597 147.504004 -217.161608 2895.156750 -8.431 -8.431 2.758499 0.000000 2.051 n/a n/a
65 7000.00 1251.89 95.151087 0.9760575662973641 0.979483 -1092602.427487 259.523024 34.082464 139.039789 -183.088782 2720.897801 -8.065 -8.065 2.782027 3.257909 2.026 n/a n/a
67 1000.00 1202.00 100.000000 1.0000000000000000 1.000000 -1175885.562724 270.065554 37.137795 144.149441 -275.423042 3049.445807 -9.204 -9.204 2.692675 0.000000 2.188 n/a n/a
66 5000.00 1234.30 100.000000 0.9996906287472720 0.999737 -1158247.729337 272.055513 36.249857 147.492415 -217.126516 2894.830648 -8.433 -8.433 2.758504 3.242755 2.052 n/a n/a
69 3000.00 1200.00 100.000000 0.9979807613399799 0.998298 -1169768.361566 269.212981 36.602487 144.034076 -244.252246 2955.502554 -9.032 -9.032 2.731188 3.240384 2.198 n/a n/a
68 1000.00 1199.00 100.000000 1.0000000000000000 1.000000 -1176318.006575 269.772103 37.128647 144.146451 -275.267136 3048.998307 -9.241 -9.241 2.693338 0.000000 2.201 n/a n/a
66 7000.00 1246.85 92.875150 0.9767022791080499 0.980065 -1066223.451153 252.987931 33.272908 135.521395 -180.322064 2668.847455 -8.129 -8.129 2.781737 3.262198 2.062 n/a n/a
67 5000.00 1234.70 100.000000 1.0000000000000000 1.000000 -1158175.564978 272.103380 36.252465 147.504105 -217.169770 2895.187777 -8.428 -8.428 2.758433 0.000000 2.050 n/a n/a
69 1000.00 1196.00 100.000000 1.0000000000000000 1.000000 -1176750.441381 269.478059 37.119501 144.143412 -275.111309 3048.547864 -9.279 -9.279 2.694002 0.000000 2.214 n/a n/a
70 3000.00 1201.00 100.000000 1.0000000000000000 1.000000 -1169540.668578 269.367503 36.615295 144.107070 -244.512980 2957.879588 -9.020 -9.020 2.731099 0.000000 2.193 n/a n/a
67 7000.00 1241.81 90.713586 0.9773325783691050 0.980634 -1041213.248187 246.779315 32.504428 132.184585 -177.696402 2619.301753 -8.194 -8.194 2.781411 3.266598 2.098 n/a n/a
68 5000.00 1234.40 100.000000 1.0000000000000000 1.000000 -1158219.816195 272.074030 36.251597 147.504004 -217.161608 2895.156750 -8.431 -8.431 2.758499 0.000000 2.051 n/a n/a
70 1000.00 1193.00 100.000000 1.0000000000000000 1.000000 -1177182.866998 269.183421 37.110356 144.140324 -274.955560 3048.094479 -9.316 -9.316 2.694666 0.000000 2.227 n/a n/a
71 3000.00 1200.00 100.000000 0.9979807613403550 0.998298 -1169768.361566 269.212981 36.602487 144.034076 -244.252246 2955.502554 -9.032 -9.032 2.731188 3.240384 2.198 n/a n/a
69 5000.00 1234.50 100.000000 1.0000000000000000 1.000000 -1158205.065793 272.083814 36.251886 147.504038 -217.164328 2895.167095 -8.430 -8.430 2.758477 0.000000 2.051 n/a n/a
68 7000.00 1236.77 88.659560 0.9779435967579101 0.981186 -1017491.135672 240.877056 31.774555 129.018098 -175.202630 2572.101465 -8.261 -8.261 2.781049 3.271103 2.135 n/a n/a
71 1000.00 1190.00 100.000000 1.0000000000000000 1.000000 -1177615.283277 268.888186 37.101212 144.137187 -274.799888 3047.638150 -9.354 -9.354 2.695330 0.000000 2.241 n/a n/a
72 3000.00 1200.10 100.000000 0.9984858626303399 0.998723 -1169733.047404 269.236952 36.605247 144.052175 -244.311545 2956.077617 -9.031 -9.031 2.731199 3.240300 2.197 n/a n/a
70 5000.00 1229.51 100.000000 0.9756763980884126 0.979261 -1159973.240211 270.909044 36.123475 146.594204 -214.485733 2869.648611 -8.490 -8.490 2.758150 3.246720 2.086 n/a n/a
69 7000.00 1231.74 86.706270 0.9785330880854185 0.981718 -994976.230093 235.261377 31.080842 126.010893 -172.831980 2527.091538 -8.328 -8.328 2.780651 3.275708 2.171 n/a n/a
72 1000.00 1187.00 100.000000 1.0000000000000000 1.000000 -1178047.690070 268.592351 37.092070 144.134000 -274.644294 3047.178879 -9.392 -9.392 2.695994 0.000000 2.254 n/a n/a
73 3000.00 1200.20 100.000000 0.9989913751748419 0.999150 -1169697.712781 269.260936 36.608008 144.070289 -244.370889 2956.652971 -9.030 -9.030 2.731210 3.240216 2.197 n/a n/a
73 1000.00 1184.00 100.000000 1.0000000000000000 1.000000 -1178480.087228 268.295914 37.082929 144.130764 -274.488778 3046.716664 -9.430 -9.430 2.696659 0.000000 2.267 n/a n/a
71 5000.00 1224.52 97.569849 0.9756682705606718 0.979283 -1131434.895642 263.966061 35.249750 142.805778 -211.261604 2811.821285 -8.551 -8.551 2.757741 3.250937 2.123 n/a n/a
70 7000.00 1226.70 84.847178 0.9791001749104231 0.982230 -973590.537698 229.913416 30.420942 123.152460 -170.576207 2484.124782 -8.397 -8.397 2.780216 3.280413 2.208 n/a n/a
74 3000.00 1200.30 100.000000 0.9994972997635806 0.999576 -1169662.357664 269.284931 36.610772 144.088418 -244.430278 2957.228616 -9.028 -9.028 2.731221 3.240132 2.196 n/a n/a
74 1000.00 1181.00 100.000000 1.0000000000000000 1.000000 -1178912.474602 267.998874 37.073789 144.127477 -274.333340 3046.251507 -9.468 -9.468 2.697323 0.000000 2.280 n/a n/a
72 5000.00 1219.53 95.198017 0.9763575517429398 0.979901 -1103583.135242 257.219762 34.401056 139.138288 -208.187581 2755.970251 -8.614 -8.614 2.757291 3.255244 2.159 n/a n/a
71 7000.00 1221.66 83.076113 0.9796447219603566 0.982723 -953260.274644 224.815450 29.792643 120.432927 -168.427630 2443.063209 -8.468 -8.468 2.779744 3.285218 2.246 n/a n/a
75 1000.00 1178.00 100.000000 1.0000000000000000 1.000000 -1179344.852042 267.701226 37.064651 144.124141 -274.177980 3045.783407 -9.506 -9.506 2.697988 0.000000 2.294 n/a n/a
75 3000.00 1200.40 100.000000 1.0000000000000000 1.000000 -1169627.132629 269.308837 36.613520 144.106432 -244.489315 2957.800511 -9.027 -9.027 2.731232 0.000000 2.195 n/a n/a
73 5000.00 1214.54 92.949517 0.9770165262286772 0.980493 -1077230.349689 250.820798 33.596906 135.665480 -205.270131 2702.880993 -8.677 -8.677 2.756800 3.259640 2.196 n/a n/a
72 7000.00 1216.62 81.387304 0.9801670017123963 0.983195 -933916.340457 219.950955 29.193875 117.843100 -166.379122 2403.778271 -8.539 -8.539 2.779236 3.290125 2.283 n/a n/a
76 1000.00 1175.00 100.000000 1.0000000000000000 1.000000 -1179777.219397 267.402970 37.055515 144.120754 -274.022698 3045.312363 -9.545 -9.545 2.698654 0.000000 2.307 n/a n/a
76 3000.00 1200.30 100.000000 0.9994972997634912 0.999576 -1169662.357664 269.284931 36.610772 144.088418 -244.430278 2957.228616 -9.028 -9.028 2.731221 3.240132 2.196 n/a n/a
74 5000.00 1209.55 90.815430 0.9776461707472088 0.981058 -1052268.077325 244.743908 32.834084 132.373180 -202.497851 2652.350752 -8.742 -8.742 2.756269 3.264128 2.233 n/a n/a
77 1000.00 1172.00 100.000000 1.0000000000000000 1.000000 -1180209.576514 267.104102 37.046380 144.117316 -273.867493 3044.838377 -9.584 -9.584 2.699319 0.000000 2.321 n/a n/a
77 3000.00 1200.70 100.000000 1.0000000000000000 1.000000 -1169583.900651 269.338173 36.614408 144.106752 -244.501147 2957.840064 -9.023 -9.023 2.731165 0.000000 2.194 n/a n/a
73 7000.00 1211.58 79.775382 0.9806675070255797 0.983648 -915494.371669 215.304587 28.622716 115.374441 -164.424087 2366.150569 -8.612 -8.612 2.778690 3.295137 2.321 n/a n/a
78 1000.00 1169.00 100.000000 1.0000000000000000 1.000000 -1180641.923242 266.804620 37.037246 144.113827 -273.712367 3044.361447 -9.623 -9.623 2.699985 0.000000 2.334 n/a n/a
75 5000.00 1204.56 88.787577 0.9782470809282819 0.981598 -1028589.608786 238.970796 32.109638 126.106770 -199.860268 2604.193172 -8.807 -8.807 2.755698 3.268710 2.270 n/a n/a
78 3000.00 1200.40 100.000000 1.0000000000000000 1.000000 -1169627.132629 269.308837 36.613520 144.106432 -244.489315 2957.800511 -9.027 -9.027 2.731232 0.000000 2.195 n/a n/a
74 7000.00 1206.55 78.235360 0.9811468342831529 0.984082 -897933.700474 210.862729 28.077380 110.093166 -162.556428 2330.069307 -8.685 -8.685 2.778108 3.300255 2.359 n/a n/a
79 1000.00 1166.00 100.000000 1.0000000000000000 1.000000 -1181074.259426 266.504522 37.028113 144.110287 -273.557318 3043.881575 -9.662 -9.662 2.700651 0.000000 2.348 n/a n/a
76 5000.00 1199.57 86.858410 0.9788172505386916 0.982111 -1006102.176203 233.480815 31.420834 123.171445 -197.347504 2558.233801 -8.874 -8.874 2.755085 3.273390 2.308 n/a n/a
79 3000.00 1200.50 100.000000 1.0000000000000000 1.000000 -1169612.721980 269.318616 36.613816 144.106539 -244.493259 2957.813698 -9.026 -9.026 2.731209 0.000000 2.195 n/a n/a
80 1000.00 1163.00 100.000000 0.9905918990260516 0.992145 -1181883.631568 265.941439 36.971335 143.767639 -272.326820 3031.918924 -9.700 -9.700 2.700565 3.239533 2.367 n/a n/a
75 7000.00 1201.51 76.762614 0.9816032852290855 0.984496 -881166.110626 206.620846 27.556204 107.868021 -160.770323 2295.429731 -8.761 -8.761 2.777489 3.305486 2.397 n/a n/a
80 3000.00 1195.49 100.000000 0.9756035898685574 0.979386 -1171341.150936 268.143713 36.480112 143.232493 -241.621974 2929.841967 -9.088 -9.088 2.730633 3.244201 2.232 n/a n/a
77 5000.00 1194.59 85.020735 0.9793613261525324 0.982601 -984726.734371 228.248033 30.765098 120.378234 -194.950754 2514.312118 -8.942 -8.942 2.754433 3.278173 2.346 n/a n/a
81 1000.00 1164.00 100.000000 0.9955270819315001 0.996267 -1181541.914941 266.179296 36.999366 143.946680 -272.942702 3038.109368 -9.688 -9.688 2.700741 3.238690 2.360 n/a n/a
76 7000.00 1196.47 75.352675 0.9820382861930506 0.984892 -865151.991482 202.556870 27.057595 105.740232 -159.060398 2262.132751 -8.837 -8.837 2.776831 3.310833 2.435 n/a n/a
81 3000.00 1190.47 97.562570 0.9757892433616114 0.979575 -1142357.249935 261.264291 35.599420 139.488038 -238.219901 2869.943420 -9.150 -9.150 2.729975 3.248525 2.269 n/a n/a
78 5000.00 1189.60 83.268247 0.9798812194415828 0.983070 -964386.535497 223.254718 30.140161 117.717333 -192.662096 2472.285322 -9.011 -9.011 2.753739 3.283060 2.384 n/a n/a
82 1000.00 1165.00 100.000000 1.0000000000000000 1.000000 -1181218.369118 266.404352 37.025070 144.109096 -273.505653 3043.720963 -9.675 -9.675 2.700873 0.000000 2.352 n/a n/a
77 7000.00 1191.43 74.001456 0.9824544379150814 0.985270 -849842.281061 198.659270 26.580099 103.703486 -157.421834 2230.088477 -8.915 -8.915 2.776136 3.316302 2.474 n/a n/a
82 3000.00 1185.46 95.202720 0.9764659577174327 0.980179 -1114317.041557 254.623934 34.749955 135.883623 -234.976249 2812.364006 -9.214 -9.214 2.729271 3.252940 2.307 n/a n/a
83 1000.00 1164.00 100.000000 0.9955270819309751 0.996267 -1181541.914941 266.179296 36.999366 143.946680 -272.942702 3038.109368 -9.688 -9.688 2.700741 3.238690 2.360 n/a n/a
79 5000.00 1184.61 81.595222 0.9803779843110051 0.983518 -945011.906688 218.484747 29.543961 115.179820 -190.474272 2432.022854 -9.081 -9.081 2.753005 3.288058 2.422 n/a n/a
78 7000.00 1186.40 72.705306 0.9828523140849680 0.985633 -835193.187313 194.917691 26.122412 101.752095 -155.850197 2199.214932 -8.994 -8.994 2.775402 3.321898 2.513 n/a n/a
83 3000.00 1180.45 92.964431 0.9771090949914977 0.980754 -1087775.699474 248.321895 33.944723 132.467915 -231.891847 2757.592634 -9.278 -9.278 2.728521 3.257451 2.345 n/a n/a
84 1000.00 1164.10 100.000000 0.9960227278226058 0.996681 -1181507.636363 266.203147 37.002181 143.964663 -273.004528 3038.730107 -9.686 -9.686 2.700758 3.238606 2.359 n/a n/a
80 5000.00 1179.62 79.996392 0.9808526029263910 0.983947 -926538.766487 213.923299 28.974601 112.757490 -188.380609 2393.404283 -9.153 -9.153 2.752231 3.293171 2.461 n/a n/a
79 7000.00 1181.36 71.460829 0.9832324426314514 0.985980 -821163.969647 191.322506 25.683321 99.880764 -154.341366 2169.435363 -9.075 -9.075 2.774630 3.327629 2.553 n/a n/a
84 3000.00 1175.44 90.838610 0.9777207801473732 0.981302 -1062620.710346 242.332889 33.180424 129.226804 -228.954929 2705.417252 -9.344 -9.344 2.727726 3.262061 2.383 n/a n/a
85 1000.00 1164.20 100.000000 0.9965187635184009 0.997095 -1181473.338209 266.227009 37.004997 143.982660 -273.066398 3039.351158 -9.685 -9.685 2.700776 3.238522 2.358 n/a n/a
81 5000.00 1174.63 78.466906 0.9813059788036684 0.984358 -908908.084905 209.556725 28.430333 110.442785 -186.374963 2356.318246 -9.225 -9.225 2.751415 3.298404 2.500 n/a n/a
80 7000.00 1176.32 70.264859 0.9835952932846120 0.986312 -807716.668322 187.864755 25.261696 98.084563 -152.891508 2140.677630 -9.157 -9.157 2.773817 3.333502 2.592 n/a n/a
85 3000.00 1170.42 88.817018 0.9783029176751352 0.981824 -1038750.202719 236.634005 32.454068 126.147502 -226.154814 2655.645293 -9.411 -9.411 2.726886 3.266777 2.422 n/a n/a
86 1000.00 1164.30 100.000000 0.9970151897656742 0.997509 -1181439.020444 266.250884 37.007816 144.000672 -273.128311 3039.972521 -9.684 -9.684 2.700793 3.238438 2.357 n/a n/a
82 5000.00 1169.64 77.002283 0.9817389326877315 0.984750 -892065.390575 205.372433 27.909544 108.228730 -184.451662 2320.661471 -9.299 -9.299 2.750558 3.303763 2.539 n/a n/a
81 7000.00 1171.28 69.114441 0.9816576105336312 0.984169 -794861.165098 184.504710 24.856445 96.327856 -151.206599 2110.266694 -9.238 -9.238 2.773450 3.221555 2.628 n/a n/a
87 1000.00 1164.40 100.000000 0.9975120073109325 0.997924 -1181404.683034 266.274771 37.010638 144.018698 -273.190268 3040.594197 -9.682 -9.682 2.700810 3.238354 2.357 n/a n/a
86 3000.00 1165.41 86.892172 0.9788572131354571 0.982321 -1016071.689984 231.204435 31.762940 123.218394 -223.481786 2608.101345 -9.478 -9.478 2.726001 3.271602 2.461 n/a n/a
83 5000.00 1164.65 75.598381 0.9735704364316742 0.976079 -876154.463232 201.223901 27.406836 105.972597 -181.394161 2276.810557 -9.368 -9.368 2.751287 3.047683 2.565 n/a n/a
82 7000.00 1166.25 67.851700 0.9712299077297055 0.972848 -780583.576037 180.742287 24.406660 94.305141 -148.135356 2067.484168 -9.309 -9.309 2.775424 2.945734 2.644 n/a n/a
88 1000.00 1164.50 100.000000 0.9980092169078276 0.998339 -1181370.325943 266.298670 37.013461 144.036739 -273.252269 3041.216188 -9.681 -9.681 2.700827 3.238270 2.356 n/a n/a
87 3000.00 1160.40 85.057255 0.9793851914872804 0.982795 -994500.982653 226.025229 31.104568 120.428897 -220.926985 2562.625123 -9.547 -9.547 2.725070 3.276543 2.500 n/a n/a
84 5000.00 1159.66 73.605321 0.9683104622496299 0.970438 -852156.136184 195.580328 26.676392 102.929983 -177.293884 2222.859821 -9.431 -9.431 2.753144 2.957760 2.580 n/a n/a
89 1000.00 1164.60 100.000000 0.9985068193038106 0.998754 -1181335.949138 266.322581 37.016286 144.054794 -273.314314 3041.838493 -9.680 -9.680 2.700844 3.238186 2.355 n/a n/a
83 7000.00 1161.21 65.904585 0.9716966664437333 0.973263 -756756.037947 175.324696 23.690457 91.458186 -144.742883 2019.962342 -9.378 -9.378 2.777427 2.944886 2.660 n/a n/a
88 3000.00 1155.39 83.306045 0.9720158024304199 0.975129 -974163.244133 220.937802 30.469031 117.622474 -217.242207 2510.506517 -9.612 -9.612 2.725392 3.076401 2.528 n/a n/a
85 5000.00 1154.67 71.277776 0.9687368628838738 0.970805 -823426.629656 189.157241 25.816763 99.506210 -173.102786 2167.544079 -9.493 -9.493 2.755028 2.956512 2.595 n/a n/a
90 1000.00 1164.70 100.000000 0.9990048152514062 0.999170 -1181301.552583 266.346504 37.019114 144.072864 -273.376403 3042.461114 -9.679 -9.679 2.700861 3.238102 2.354 n/a n/a
84 7000.00 1156.17 64.044251 0.9720097989202872 0.973531 -734022.836424 170.148230 23.006000 88.740242 -141.464173 1974.402514 -9.446 -9.446 2.779458 2.943749 2.675 n/a n/a
89 3000.00 1150.37 80.979757 0.9648312853993969 0.967610 -945981.263301 214.362820 29.609832 114.007551 -212.158801 2446.752309 -9.672 -9.672 2.727041 2.969494 2.544 n/a n/a
91 1000.00 1164.80 100.000000 0.9995032055080643 0.999586 -1181267.136244 266.370439 37.021943 144.090949 -273.438537 3043.084052 -9.677 -9.677 2.700878 3.238019 2.354 n/a n/a
92 1000.00 1164.90 100.000000 1.0000000000000000 1.000000 -1181232.780021 266.394331 37.024765 144.108976 -273.500487 3043.704884 -9.676 -9.676 2.700895 0.000000 2.353 n/a n/a
90 3000.00 1145.36 78.136768 0.9654358102044285 0.968140 -910532.585250 206.587165 28.555082 109.803208 -206.948894 2380.605864 -9.730 -9.730 2.728711 2.968562 2.559 n/a n/a
86 5000.00 1149.68 69.054384 0.9644067839573113 0.966447 -796095.498292 182.973473 24.993568 96.184904 -168.441769 2109.890338 -9.543 -9.543 2.757054 2.930878 2.606 n/a n/a
85 7000.00 1151.13 62.256627 0.9670283383499499 0.968443 -712280.957063 165.127430 22.348118 86.082493 -137.686132 1925.350423 -9.498 -9.498 2.781697 2.910633 2.684 n/a n/a
93 1000.00 1164.80 100.000000 0.9995032055050826 0.999586 -1181267.136244 266.370439 37.021943 144.090949 -273.438537 3043.084052 -9.677 -9.677 2.700878 3.238019 2.354 n/a n/a
94 1000.00 1165.20 100.000000 1.0000000000000000 1.000000 -1181189.547275 266.424391 37.025678 144.109334 -273.515985 3043.753112 -9.672 -9.672 2.700828 0.000000 2.351 n/a n/a
87 5000.00 1144.69 66.603747 0.9646962270361873 0.966674 -765979.393472 176.264163 24.090187 92.610507 -163.780232 2051.744352 -9.592 -9.592 2.759110 2.928863 2.616 n/a n/a
91 3000.00 1140.35 75.440999 0.9614967991008321 0.964258 -877048.322096 199.161046 27.550482 105.756954 -201.299036 2313.407286 -9.779 -9.779 2.730442 2.949788 2.571 n/a n/a
86 7000.00 1146.09 60.211196 0.9675267941376938 0.968905 -687394.110047 159.500431 21.597231 83.128985 -133.889643 1875.416162 -9.550 -9.550 2.783946 2.911519 2.693 n/a n/a
95 1000.00 1164.90 100.000000 1.0000000000000000 1.000000 -1181232.780021 266.394331 37.024765 144.108976 -273.500487 3043.704884 -9.676 -9.676 2.700895 0.000000 2.353 n/a n/a
88 5000.00 1139.70 64.259622 0.9657336744135795 0.967647 -737215.438967 169.860079 23.226584 89.206653 -159.368836 1996.810336 -9.642 -9.642 2.761169 2.930302 2.625 n/a n/a
96 1000.00 1165.00 100.000000 1.0000000000000000 1.000000 -1181218.369118 266.404352 37.025070 144.109096 -273.505653 3043.720963 -9.675 -9.675 2.700873 0.000000 2.352 n/a n/a
92 3000.00 1135.34 72.543480 0.9613998497606145 0.964100 -841096.618509 191.278814 26.476935 101.493061 -195.640817 2245.942484 -9.826 -9.826 2.732202 2.945925 2.581 n/a n/a
89 5000.00 1134.71 62.064927 0.9666940459649531 0.968551 -710330.880066 163.863064 22.417949 86.023134 -155.210209 1945.273607 -9.691 -9.691 2.763229 2.932024 2.634 n/a n/a
97 1000.00 1160.00 100.000000 0.9760124901404572 0.979943 -1182897.393519 265.234814 36.888478 143.238898 -270.504397 3013.525624 -9.738 -9.738 2.700001 3.242080 2.390 n/a n/a
88 7000.00 1136.02 56.426243 0.9691111167042777 0.970441 -641467.657760 149.100143 20.208385 77.681267 -126.876998 1783.460648 -9.655 -9.655 2.788394 2.917801 2.710 n/a n/a
93 3000.00 1130.32 69.750499 0.9627049563445089 0.965308 -806491.886831 183.707404 25.443757 97.411221 -190.305840 2182.285120 -9.873 -9.873 2.733968 2.947038 2.591 n/a n/a
98 1000.00 1155.00 97.603463 0.9761696485239877 0.980108 -1154080.508054 258.532782 36.016976 139.556551 -266.974201 2952.235758 -9.803 -9.803 2.699041 3.246409 2.429 n/a n/a
90 5000.00 1129.72 60.005051 0.9675839688502179 0.969392 -685142.263174 158.233577 21.658952 83.038355 -151.281368 1896.800377 -9.741 -9.741 2.765283 2.934110 2.642 n/a n/a
89 7000.00 1130.98 54.690601 0.9595158958916441 0.962522 -620705.821700 144.164536 19.562092 75.017852 -122.884750 1725.114447 -9.735 -9.735 2.787012 3.020007 2.735 n/a n/a
94 3000.00 1125.31 67.156366 0.9639061054206635 0.966421 -774405.255580 176.672721 24.483914 93.623744 -185.308949 2123.020088 -9.921 -9.921 2.735739 2.948307 2.601 n/a n/a
99 1000.00 1150.00 95.279754 0.9768098435687217 0.980677 -1126161.465145 252.054302 35.175248 136.006588 -263.600458 2893.263358 -9.868 -9.868 2.698034 3.250843 2.467 n/a n/a
91 5000.00 1124.73 58.067189 0.9684090567571909 0.970177 -661489.258243 152.936962 20.944929 80.233363 -147.562348 1851.095273 -9.792 -9.792 2.767324 2.936678 2.651 n/a n/a
90 7000.00 1125.94 52.485230 0.9543303184617093 0.958343 -595018.792628 138.129076 18.778252 71.780545 -118.515857 1655.829966 -9.833 -9.833 2.783297 3.064257 2.770 n/a n/a
100 1000.00 1145.00 93.072419 0.9774173611640228 0.981218 -1099695.240440 245.896446 34.376185 132.637149 -260.384181 2837.081374 -9.934 -9.934 2.696980 3.255389 2.507 n/a n/a
95 3000.00 1120.30 64.739654 0.9650133066855437 0.967449 -744564.775640 170.117263 23.589546 90.098927 -180.615476 2067.675701 -9.969 -9.969 2.737512 2.949770 2.611 n/a n/a
92 5000.00 1119.74 56.240064 0.9650061910302068 0.967485 -639330.810252 147.871175 20.266728 77.516654 -143.715855 1801.269002 -9.852 -9.852 2.767886 2.986514 2.666 n/a n/a
91 7000.00 1120.91 50.096991 0.9563200629888322 0.960178 -567466.592969 131.766927 17.949989 68.410635 -114.386159 1589.474101 -9.928 -9.928 2.779706 3.061334 2.804 n/a n/a
101 1000.00 1140.00 90.972819 0.9651722077784357 0.968757 -1074937.416712 239.778499 33.597068 129.159636 -255.063351 2769.898708 -9.995 -9.995 2.697740 3.018466 2.528 n/a n/a
96 3000.00 1115.29 62.481858 0.9660351197933347 0.968400 -716735.937474 163.991358 22.753867 86.809372 -176.195451 2015.842427 -10.018 -10.018 2.739283 2.951479 2.620 n/a n/a
93 5000.00 1114.76 54.280710 0.9523368745471926 0.957210 -616157.224464 142.339282 19.542123 74.463603 -139.005760 1731.191360 -9.938 -9.938 2.763485 3.093972 2.704 n/a n/a
92 7000.00 1115.87 47.917520 0.9581057030586791 0.961829 -542358.085402 125.957062 17.193191 65.338489 -110.581604 1529.035527 -10.022 -10.022 2.776218 3.058819 2.835 n/a n/a
a
97 3000.00 1110.27 60.366907 0.9669788139285729 0.969281 -690715.430879 158.251857 21.970989 83.731266 -172.022875 1967.162097 -10.068 -10.068 2.741047 2.953501 2.629 n/a n/a
94 5000.00 1109.77 51.702238 0.9539166578139202 0.958829 -586273.640844 135.505099 18.646601 70.792280 -134.439419 1659.210741 -10.040 -10.040 2.758537 3.103602 2.743 n/a n/a
103 1000.00 1130.00 84.516671 0.9633482835711147 0.966673 -993959.656370 222.177456 31.190155 119.477011 -242.673776 2616.535504 -10.108 -10.108 2.700402 2.980076 2.558 n/a n/a
93 7000.00 1110.83 45.918828 0.9597116719173019 0.963316 -519366.771072 120.626045 16.498384 62.524342 -107.060893 1473.722699 -10.114 -10.114 2.772817 3.056729 2.866 n/a n/a
104 1000.00 1125.00 81.423950 0.9640012544904537 0.967247 -955055.438508 213.793950 30.036315 114.885167 -236.847137 2545.187251 -10.162 -10.162 2.701753 2.979520 2.573 n/a n/a
98 3000.00 1105.26 58.380767 0.9669136821153520 0.969388 -666347.719105 152.845378 21.234669 80.824241 -168.012400 1919.657012 -10.124 -10.124 2.742295 2.971566 2.640 n/a n/a
95 5000.00 1104.78 49.330503 0.9476030344835789 0.955067 -559156.415814 129.132218 17.823494 67.274164 -129.973649 1580.085393 -10.315 -10.315 2.746093 3.227493 2.820 n/a n/a
94 7000.00 1105.79 44.077631 0.9580946831555170 0.962638 -498261.714041 115.683416 15.858057 59.879942 -103.719841 1418.246586 -10.298 -10.298 2.766391 3.117527 2.911 n/a n/a
105 1000.00 1120.00 78.497750 0.9642181084343880 0.967416 -918311.529238 205.858864 28.943823 110.538757 -231.220660 2477.353997 -10.214 -10.214 2.703108 2.978221 2.587 n/a n/a
96 5000.00 1099.79 46.755203 0.9511738438216277 0.957992 -531706.877857 122.441970 16.973772 63.704709 -125.895742 1508.879947 -10.582 -10.582 2.734950 3.201666 2.890 n/a n/a
99 3000.00 1100.25 56.459910 0.9352482625103509 0.945579 -643665.533386 147.119967 20.492441 77.384120 -162.123583 1818.333879 -10.419 -10.419 2.725058 3.278140 2.742 n/a n/a
95 7000.00 1100.75 42.241518 0.9571992295861620 0.962391 -478051.256884 110.802201 15.234315 57.278758 -100.548051 1363.565941 -10.557 -10.557 2.757828 3.155583 2.966 n/a n/a
106 1000.00 1115.00 75.693913 0.9534077646552386 0.957106 -883363.386533 198.123104 27.881164 106.210438 -224.090920 2402.853281 -10.249 -10.249 2.704385 2.948972 2.595 n/a n/a
97 5000.00 1094.80 44.481811 0.9541239676617381 0.960440 -507289.945877 116.515633 16.217385 60.548527 -122.186703 1446.210399 -10.843 -10.843 2.724809 3.180789 2.953 n/a n/a
100 3000.00 1095.24 52.813432 0.9413988652486412 0.950570 -604641.331607 137.767912 19.299228 72.328647 -156.558010 1718.286041 -10.701 -10.701 2.710155 3.244285 2.831 n/a n/a
96 7000.00 1095.72 40.443106 0.9591493748059541 0.964036 -458779.519010 106.074481 14.632723 54.792928 -97.597581 1313.677459 -10.812 -10.812 2.749870 3.139459 3.018 n/a n/a
107 1000.00 1110.00 72.172121 0.9613925916773887 0.964585 -839358.940127 188.798603 26.585255 101.159568 -217.961119 2330.485533 -10.294 -10.294 2.705757 2.959492 2.605 n/a n/a
98 5000.00 1089.81 42.450662 0.9566396786901005 0.962544 -485344.829234 111.206090 15.536973 57.726484 -118.787957 1390.439963 -11.099 -11.099 2.715475 3.162942 3.012 n/a n/a
101 3000.00 1090.22 49.727921 0.9462100958996453 0.954514 -571309.171909 129.814689 18.278164 68.035685 -151.641742 1633.790134 -10.975 -10.975 2.696949 3.217328 2.911 n/a n/a
97 7000.00 1090.68 38.800555 0.9608367766180513 0.965483 -441089.916434 101.747946 14.080326 52.521864 -94.852885 1268.237681 -11.063 -11.063 2.742396 3.126599 3.065 n/a n/a
108 1000.00 1105.00 69.392941 0.9626387508161972 0.965775 -804708.126285 181.322891 25.550575 97.080464 -212.457425 2268.023133 -10.340 -10.340 2.707085 2.964786 2.616 n/a n/a
99 5000.00 1084.82 40.619503 0.9588165857925270 0.964377 -465461.890801 106.407886 14.919911 55.181381 -115.653873 1340.360437 -11.351 -11.351 2.706805 3.147476 3.066 n/a n/a
102 3000.00 1085.21 47.062493 0.9501280308257284 0.957749 -542304.978927 122.916709 17.388129 64.319368 -147.242169 1561.063346 -11.241 -11.241 2.685052 3.194748 2.983 n/a n/a
98 7000.00 1085.64 37.290591 0.9623419539969402 0.966784 -424767.519362 97.764603 13.570306 50.434727 -92.289776 1226.616617 -11.312 -11.312 2.735330 3.115405 3.110 n/a n/a
109 1000.00 1100.00 66.807539 0.9638548643692715 0.966893 -772532.876580 174.371276 24.589157 93.292731 -207.303995 2209.742435 -10.387 -10.387 2.708414 2.966266 2.626 n/a n/a
100 5000.00 1079.83 38.956185 0.9607215904530318 0.965991 -447325.383571 102.040368 14.356467 52.869416 -112.748087 1295.048400 -11.599 -11.599 2.698691 3.133945 3.116 n/a n/a
103 3000.00 1080.20 44.724842 0.9533962113811032 0.960462 -516715.402833 116.846502 16.601567 61.055764 -143.263783 1497.542936 -11.500 -11.500 2.674196 3.175418 3.049 n/a n/a
99 7000.00 1080.60 35.895908 0.9636929284985579 0.967959 -409643.748975 94.080500 13.097392 48.507810 -89.887932 1188.307516 -11.560 -11.560 2.728612 3.105625 3.152 n/a n/a
110 1000.00 1095.00 64.399984 0.9649747795329304 0.967924 -742625.534663 167.895846 23.693690 89.769199 -202.461868 2155.322117 -10.434 -10.434 2.709741 2.967933 2.635 n/a n/a
101 5000.00 1074.84 37.435596 0.9624034135412033 0.967424 -430685.937425 98.040270 13.838961 50.756205 -110.041096 1253.781169 -11.845 -11.845 2.691048 3.122032 3.164 n/a n/a
104 3000.00 1075.19 42.649958 0.9561717922780043 0.962777 -493888.916031 111.442839 15.898784 58.156779 -139.635172 1441.403914 -11.755 -11.755 2.664189 3.158607 3.110 n/a n/a
100 7000.00 1075.57 34.602258 0.9649115863755511 0.969027 -395578.299844 90.659333 12.657200 46.721533 -87.630132 1152.893701 -11.805 -11.805 2.722189 3.097071 3.192 n/a n/a
111 1000.00 1090.00 62.151581 0.9605870173220176 0.964794 -714878.804964 161.750495 22.849501 86.359283 -197.500408 2094.078794 -10.514 -10.514 2.708179 3.045112 2.659 n/a n/a
102 5000.00 1069.85 36.037709 0.9638987118418372 0.968706 -415342.763960 94.356957 13.361207 48.814219 -107.508613 1215.982190 -12.089 -12.089 2.683805 3.111504 3.208 n/a n/a
105 3000.00 1070.17 40.790166 0.9585617908610650 0.964779 -473342.504612 106.586860 15.265163 55.557348 -136.301395 1391.299245 -12.005 -12.005 2.654888 3.143821 3.167 n/a n/a
101 7000.00 1070.53 33.397762 0.9660690578671985 0.970022 -382453.226203 87.470646 12.245924 45.060654 -85.499179 1120.120121 -12.041 -12.041 2.716142 3.086870 3.229 n/a n/a
112 1000.00 1085.00 59.711347 0.9301848219653167 0.942059 -686352.089403 154.720379 21.924600 82.135540 -190.519012 1976.554246 -10.796 -10.796 2.689157 3.281641 2.767 n/a n/a
103 5000.00 1064.86 34.746281 0.9652358266767632 0.969858 -401131.632864 90.949232 12.918151 47.021058 -105.130403 1181.184134 -12.330 -12.330 2.676907 3.102186 3.250 n/a n/a
106 3000.00 1065.16 39.109389 0.9606422416167294 0.966530 -454707.276340 102.188232 14.689530 53.207960 -133.219219 1346.206151 -12.251 -12.251 2.646182 3.130713 3.219 n/a n/a
102 7000.00 1065.49 32.275653 0.9670414482073827 0.970893 -370169.225443 84.495553 11.861089 43.512753 -83.483526 1089.595629 -12.273 -12.273 2.710344 3.081170 3.264 n/a n/a
113 1000.00 1080.00 55.551952 0.9374667605931186 0.948002 -641079.356429 144.135225 20.553831 76.342963 -184.068777 1863.146277 -11.065 -11.065 2.672719 3.250346 2.862 n/a n/a
104 5000.00 1059.87 33.547953 0.9664371848461708 0.970899 -387916.456243 87.783115 12.505604 45.358249 -102.889435 1149.003112 -12.570 -12.570 2.670305 3.093943 3.289 n/a n/a
107 3000.00 1060.15 37.579642 0.9624690516409897 0.968073 -437694.756763 98.176623 14.163140 51.070038 -130.353987 1305.330049 -12.495 -12.495 2.637982 3.119033 3.269 n/a n/a
103 7000.00 1060.45 31.223024 0.9667494037493658 0.970640 -358635.130609 81.695837 11.498353 42.043851 -81.536063 1060.466501 -12.499 -12.499 2.704551 3.075231 3.301 n/a n/a
114 1000.00 1075.00 52.087490 0.9431528268106336 0.952666 -603067.577052 135.273419 19.399449 71.500584 -178.446358 1768.986513 -11.324 -11.324 2.658186 3.224640 2.947 n/a n/a
108 3000.00 1055.14 36.178768 0.9640845117275443 0.969443 -422074.972596 94.496177 13.679018 49.112934 -127.677493 1268.041824 -12.735 -12.735 2.630219 3.108594 3.315 n/a n/a
105 5000.00 1054.88 32.431603 0.9675208939745673 0.971844 -375583.224706 84.830263 12.120060 43.810387 -100.771253 1119.120185 -12.808 -12.808 2.663960 3.086670 3.326 n/a n/a
104 7000.00 1055.42 30.201013 0.9673368762330237 0.971172 -347394.789896 78.988340 11.145841 40.625097 -79.677759 1032.973207 -12.721 -12.721 2.698921 3.070130 3.338 n/a n/a
115 1000.00 1070.00 49.135862 0.9477378328327846 0.956443 -570474.289455 127.691333 18.406958 67.365235 -173.468923 1689.114500 -11.574 -11.574 2.645122 3.202914 3.023 n/a n/a
109 3000.00 1050.12 34.888933 0.9655213894159120 0.970666 -407661.633928 91.101806 13.231509 47.311903 -125.166484 1233.835366 -12.973 -12.973 2.622831 3.099256 3.358 n/a n/a
106 5000.00 1049.89 31.387885 0.9685018353541907 0.972704 -364035.530393 82.066799 11.758552 42.364496 -98.763494 1091.267769 -13.046 -13.046 2.657835 3.080281 3.361 n/a n/a
105 7000.00 1050.38 29.230748 0.9682215783767348 0.971974 -336700.073842 76.420520 10.810587 39.282431 -77.913718 1007.211468 -12.938 -12.938 2.693462 3.065888 3.373 n/a n/a
116 1000.00 1065.00 46.577330 0.9515241472025605 0.959573 -542072.853822 121.095171 17.539947 63.775198 -169.007394 1620.216651 -11.817 -11.817 2.633227 3.184171 3.092 n/a n/a
110 3000.00 1045.11 33.695569 0.9668056058505672 0.971764 -394301.789690 87.956602 12.815972 45.646688 -122.801577 1202.297952 -13.209 -13.209 2.615770 3.090914 3.400 n/a n/a
107 5000.00 1044.90 30.408873 0.9693924313027008 0.973490 -353191.192232 79.472439 11.418555 41.009560 -96.855521 1065.219459 -13.283 -13.283 2.651902 3.074707 3.395 n/a n/a
106 7000.00 1045.34 28.318056 0.9690258979692953 0.972708 -326629.868043 74.003696 10.494521 38.020952 -76.236633 983.031619 -13.152 -13.152 2.688151 3.062420 3.406 n/a n/a
117 1000.00 1060.00 44.328886 0.9532184281947979 0.961217 -517049.094059 115.246341 16.779381 60.579018 -165.055209 1556.952832 -12.031 -12.031 2.619882 3.186751 3.173 n/a n/a
111 3000.00 1040.10 32.586641 0.9679580462163186 0.972754 -381868.409962 85.029997 12.428546 44.100516 -120.566469 1173.089059 -13.443 -13.443 2.608991 3.083482 3.439 n/a n/a
108 5000.00 1039.91 29.487797 0.9702031941627005 0.974210 -342979.665664 77.029830 11.097902 39.736155 -95.038129 1040.782266 -13.519 -13.519 2.646132 3.069890 3.427 n/a n/a
118 1000.00 1055.00 42.264030 0.9550430162888239 0.962781 -494456.548158 109.890418 16.082689 57.671284 -161.379948 1499.789819 -12.235 -12.235 2.606799 3.174301 3.251 n/a n/a
107 7000.00 1040.30 27.457167 0.9697573724877933 0.973382 -317124.200560 71.723019 10.195783 36.836339 -74.639251 960.385024 -13.361 -13.361 2.682965 3.059687 3.438 n/a n/a
112 3000.00 1035.09 31.552093 0.9646350712677810 0.970402 -370317.478735 82.248687 12.068332 42.618231 -118.382080 1142.930373 -13.628 -13.628 2.598915 3.123907 3.494 n/a n/a
109 5000.00 1034.93 28.618839 0.9696887378795502 0.973797 -333348.571240 74.717507 10.793851 38.521254 -93.260468 1017.283843 -13.756 -13.756 2.640217 3.067099 3.463 n/a n/a
119 1000.00 1050.00 40.372909 0.9571508029739961 0.964603 -473787.990485 104.984764 15.442813 55.018262 -157.977224 1448.148514 -12.433 -12.433 2.594152 3.164737 3.327 n/a n/a
113 3000.00 1030.07 30.445373 0.9642411232553373 0.970188 -358417.935416 79.341291 11.690986 41.085111 -116.212260 1112.996627 -13.797 -13.797 2.588213 3.123621 3.551 n/a n/a
108 7000.00 1035.26 26.643049 0.9704208923989381 0.973999 -308130.552191 69.565533 9.912748 35.713917 -73.113843 938.906858 -13.565 -13.565 2.677882 3.057640 3.468 n/a n/a
120 1000.00 1045.00 38.651926 0.9590322198558728 0.966238 -454988.528723 100.514272 14.858783 52.607569 -154.820800 1401.379381 -12.625 -12.625 2.581885 3.156488 3.400 n/a n/a
110 5000.00 1029.94 27.766092 0.9701347189769629 0.974234 -323879.673208 72.459190 10.495892 37.334320 -91.559135 994.839537 -13.991 -13.991 2.634295 3.066244 3.499 n/a n/a
114 3000.00 1025.06 29.365815 0.9655321235478408 0.971349 -346878.004431 76.525186 11.323690 39.611326 -114.151878 1084.945623 -13.964 -13.964 2.577777 3.119854 3.606 n/a n/a
109 7000.00 1030.23 25.871252 0.9710231916717845 0.974566 -299602.194149 67.519787 9.643970 34.651355 -71.654842 918.590448 -13.765 -13.765 2.672884 3.056284 3.497 n/a n/a
a
111 5000.00 1024.95 26.953543 0.9640708238706871 0.969655 -314935.117277 70.252113 10.213474 36.161849 -89.813074 970.472714 -14.147 -14.147 2.623821 3.124637 3.555 n/a n/a
115 3000.00 1020.05 28.362787 0.9667566052773900 0.972446 -336156.869202 73.906374 10.981750 38.239696 -112.211337 1058.798234 -14.131 -14.131 2.567609 3.116021 3.659 n/a n/a
122 1000.00 1035.00 35.630686 0.9623030926314802 0.969097 -422021.509083 92.652728 13.829571 48.386358 -149.132594 1319.830933 -12.995 -12.995 2.558351 3.142801 3.538 n/a n/a
116 3000.00 1015.04 27.429077 0.9679190495756429 0.973483 -326175.651814 71.466187 10.662783 36.964265 -110.380350 1034.480627 -14.295 -14.295 2.557710 3.112156 3.711 n/a n/a
110 7000.00 1025.19 25.137889 0.9715678310788322 0.975085 -291498.289858 65.575752 9.388185 33.643206 -70.256898 899.328871 -13.959 -13.959 2.667950 3.055619 3.524 n/a n/a
112 5000.00 1019.96 25.999388 0.9655083954012487 0.970939 -304917.835154 67.776807 9.891852 34.867224 -88.105085 946.262611 -14.304 -14.304 2.613663 3.119542 3.609 n/a n/a
123 1000.00 1030.00 34.296544 0.9637544176039031 0.970368 -407481.737469 89.175746 13.373453 46.527499 -146.556217 1284.050960 -13.173 -13.173 2.547045 3.136939 3.604 n/a n/a
117 3000.00 1010.02 26.558306 0.9688008657622875 0.974281 -316866.333158 69.187045 10.364529 35.772755 -108.640774 1011.700757 -14.459 -14.459 2.548009 3.108464 3.762 n/a n/a
124 1000.00 1025.00 33.062490 0.9651101051820822 0.971556 -394043.268737 85.956489 12.950610 44.811225 -144.134501 1251.078993 -13.348 -13.348 2.536029 3.131525 3.668 n/a n/a
113 5000.00 1014.97 25.116905 0.9667664753349069 0.972076 -295641.843574 65.483565 9.593571 33.669739 -86.501825 923.813447 -14.461 -14.461 2.603797 3.115916 3.661 n/a n/a
111 7000.00 1020.15 24.439488 0.9673843303000881 0.972015 -283834.292212 63.684351 9.145894 32.654133 -68.883482 879.095959 -14.082 -14.082 2.659451 3.114364 3.569 n/a n/a
118 3000.00 1005.01 25.742675 0.9687540620160074 0.974312 -308149.297995 67.046480 10.083987 34.644459 -106.956751 989.925856 -14.621 -14.621 2.538265 3.105163 3.817 n/a n/a
125 1000.00 1020.00 31.918006 0.9663835372757583 0.972671 -381588.968546 82.968002 12.557600 43.222337 -141.852794 1220.602310 -13.519 -13.519 2.525299 3.126448 3.730 n/a n/a
114 5000.00 1009.98 24.296473 0.9679854670024017 0.973133 -287011.726777 63.348023 9.315397 32.557923 -84.988503 903.060104 -14.583 -14.583 2.594409 3.107921 3.710 n/a n/a
119 3000.00 1000.00 24.952553 0.9698046485624794 0.975238 -299673.709884 64.982434 9.812335 33.559952 -105.360276 969.520021 -14.783 -14.783 2.528811 3.100935 3.870 n/a n/a
112 7000.00 1015.11 23.658211 0.9661969111584746 0.971129 -275639.152870 61.632183 8.882203 31.589275 -67.488748 858.407501 -14.171 -14.171 2.650025 3.118553 3.616 n/a n/a
126 1000.00 1015.00 30.854116 0.9675835859421766 0.973719 -370018.665910 80.187196 12.191468 41.751404 -139.698718 1192.460482 -13.688 -13.688 2.514849 3.121618 3.790 n/a n/a
115 5000.00 1004.99 23.534410 0.9690385423857902 0.974069 -278945.197840 61.359697 9.055624 31.524227 -83.554965 883.729304 -14.670 -14.670 2.585452 3.102986 3.757 n/a n/a
127 1000.00 1010.00 29.863034 0.9687176130461674 0.974707 -359245.312610 77.594036 11.849645 40.379866 -137.660199 1166.206837 -13.853 -13.853 2.504676 3.116969 3.848 n/a n/a
113 7000.00 1010.08 22.874337 0.9673164508091295 0.972170 -267472.360212 59.596693 8.618509 30.536520 -66.154231 838.623120 -14.255 -14.255 2.640843 3.117004 3.661 n/a n/a
116 5000.00 1000.00 22.821544 0.9700380221373626 0.974974 -271361.626651 59.498213 8.811937 30.556945 -82.196994 865.536648 -14.753 -14.753 2.576734 3.100611 3.802 n/a n/a
128 1000.00 1005.00 28.937961 0.9697923937926357 0.975641 -349192.929467 75.170999 11.529882 39.101590 -135.727776 1141.752679 -14.016 -14.016 2.494777 3.112465 3.904 n/a n/a
114 7000.00 1005.04 22.142585 0.9683440990868862 0.973128 -259839.356424 57.694541 8.371844 29.553841 -64.896918 820.116261 -14.336 -14.336 2.631884 3.115794 3.705 n/a n/a
129 1000.00 1000.00 28.072945 0.9708125673467614 0.976525 -339795.105538 72.902716 11.230207 37.907959 -133.892662 1118.924036 -14.177 -14.177 2.485148 3.108077 3.958 n/a n/a
115 7000.00 1000.00 21.457517 0.9656038019288052 0.973128 -259839.356424 57.694541 8.371844 29.553841 -64.896918 820.116261 -14.422 -14.422 2.543239 3.280769 3.757 n/a n/a
