Title: test

Liquid Composition:
Pressure Temperature mass SiO2 TiO2 Al2O3 Fe2O3 Cr2O3 FeO MnO MgO CaO Na2O K2O P2O5 H2O 
10000.00 1043.15 2.124338 68.5601 0.348669 8.93126 0.0411177 0.0915866 0.48289 6.01693 0.126507 1.13755 4.53924 2.23895 0 7.48517
10000.00 1042.15 2.097077 68.4066 0.34306 8.91372 0.0413247 0.0929535 0.484308 6.09564 0.125099 1.13587 4.56404 2.21544 0 7.58195
10000.00 1041.15 2.069765 68.2464 0.337571 8.89906 0.0415128 0.0944537 0.48554 6.17574 0.123774 1.13402 4.58794 2.19191 0 7.68203
10000.00 1040.15 2.042259 68.0801 0.332064 8.88396 0.0417133 0.0960319 0.486906 6.25858 0.122492 1.13215 4.61258 2.16785 0 7.78552
10000.00 1039.15 2.014539 67.9072 0.326535 8.86838 0.0419275 0.0976947 0.488416 6.34439 0.121253 1.13026 4.63799 2.14323 0 7.89271
10000.00 1038.15 1.986579 67.7271 0.32098 8.8523 0.0421563 0.0994493 0.490083 6.43339 0.120058 1.12833 4.66424 2.11801 0 8.00385
10000.00 1037.15 1.958354 67.5394 0.315395 8.83566 0.0424011 0.101304 0.491922 6.52583 0.118909 1.12638 4.69138 2.09216 0 8.11929
10000.00 1036.15 1.929834 67.3433 0.309773 8.81841 0.0426635 0.103268 0.493947 6.62201 0.117806 1.1244 4.71947 2.06562 0 8.23938
10000.00 1035.15 1.900986 67.1381 0.304109 8.8005 0.042945 0.105352 0.496177 6.72225 0.116752 1.12239 4.74859 2.03836 0 8.36453
10000.00 1034.15 1.871774 66.923 0.298396 8.78186 0.0432476 0.107569 0.498632 6.82692 0.115747 1.12035 4.77881 2.01031 0 8.4952
10000.00 1033.15 1.842157 66.697 0.292626 8.7624 0.0435735 0.109932 0.501336 6.93646 0.114794 1.11828 4.81022 1.98141 0 8.63192
10000.00 1032.15 1.812090 66.4592 0.286791 8.74205 0.0439252 0.112458 0.504316 7.05136 0.113895 1.11617 4.84294 1.9516 0 8.77531
10000.00 1031.15 1.781519 66.2082 0.280881 8.72068 0.0443055 0.115165 0.507602 7.17218 0.113054 1.11402 4.87707 1.92079 0 8.92608
10000.00 1030.15 1.750387 65.9425 0.274884 8.69819 0.044718 0.118078 0.51123 7.29958 0.112275 1.11183 4.91277 1.88889 0 9.08504
10000.00 1029.15 1.718625 65.6606 0.268787 8.67441 0.0451665 0.121221 0.515245 7.43433 0.111561 1.1096 4.95018 1.8558 0 9.25316
10000.00 1028.15 1.686157 65.3602 0.262576 8.64917 0.0456558 0.124628 0.519695 7.57735 0.110919 1.1073 4.98948 1.82139 0 9.43158
10000.00 1027.15 1.652894 65.0392 0.256232 8.62226 0.0461913 0.128337 0.52464 7.72974 0.110355 1.10495 5.03091 1.78553 0 9.62165
10000.00 1026.15 1.618731 64.6946 0.249722 8.59349 0.0467923 0.13228 0.530295 7.89275 0.109731 1.10282 5.07444 1.7481 0 9.82493
10000.00 1025.15 1.583553 64.3232 0.242996 8.56274 0.047494 0.136243 0.537059 8.06791 0.108743 1.10158 5.11981 1.70903 0 10.0432
10000.00 1024.15 1.547231 63.9208 0.236064 8.52936 0.0482729 0.140582 0.544652 8.25715 0.107799 1.10037 5.16807 1.66795 0 10.279
10000.00 1023.15 1.509622 63.4826 0.228914 8.49284 0.0491303 0.145367 0.553081 8.46272 0.106898 1.09919 5.21964 1.62462 0 10.535
10000.00 1022.15 1.470658 63.0061 0.221926 8.45183 0.0498632 0.150806 0.560014 8.68672 0.105885 1.09857 5.27511 1.57904 0 10.8141
10000.00 1021.15 1.430081 62.4812 0.214638 8.40624 0.0506851 0.156872 0.567891 8.93301 0.104933 1.09798 5.33489 1.53063 0 11.121
10000.00 1020.15 1.387736 61.8999 0.207006 8.35512 0.0516112 0.163675 0.576875 9.20541 0.104057 1.09741 5.39954 1.47908 0 11.4603
10000.00 1019.15 1.343526 61.2531 0.198988 8.29735 0.0526588 0.171337 0.587147 9.50816 0.103272 1.09679 5.46961 1.42414 0 11.8374
10000.00 1018.15 1.297506 60.5327 0.190561 8.23168 0.0538444 0.17997 0.598882 9.84526 0.102598 1.09604 5.54545 1.36571 0 12.2573
10000.00 1017.15 1.250022 59.734 0.18174 8.15703 0.0551791 0.189635 0.612191 10.2191 0.102055 1.09502 5.62694 1.30411 0 12.7229
10000.00 1016.15 1.201886 58.8611 0.172623 8.07296 0.0566588 0.200273 0.627025 10.6284 0.101662 1.09353 5.71302 1.24029 0 13.2325
10000.00 1015.15 1.154454 57.9319 0.163414 7.9803 0.0582546 0.211626 0.643061 11.065 0.101419 1.09135 5.8014 1.17605 0 13.7761
10000.00 1014.15 1.109380 56.9785 0.154398 7.88154 0.0599111 0.223233 0.659693 11.5147 0.101309 1.08831 5.88877 1.11375 0 14.3359
10000.00 1013.15 1.068074 56.0382 0.145861 7.78019 0.0615611 0.234561 0.676191 11.9602 0.101294 1.08435 5.97181 1.05558 0 14.8903
10000.00 1012.15 1.031224 55.1386 0.137955 7.67891 0.0632041 0.246444 0.692563 12.3877 0.101505 1.08015 6.04783 1.00277 0 15.4224
10000.00 1011.15 0.998912 54.303 0.13085 7.58221 0.0646204 0.254416 0.706392 12.7888 0.101326 1.07367 6.11762 0.955872 0 15.9212
10000.00 1010.15 0.970637 53.5299 0.124425 7.48945 0.0659509 0.261827 0.719245 13.1617 0.101191 1.06684 6.18011 0.914296 0 16.385
10000.00 1009.15 0.945829 52.817 0.118617 7.401 0.0671965 0.268695 0.731135 13.5074 0.101088 1.05977 6.23598 0.877404 0 16.8148
10000.00 1008.15 0.923927 52.1588 0.113347 7.31677 0.0683634 0.275064 0.742133 13.828 0.101009 1.05257 6.2861 0.844506 0 17.2134
10000.00 1007.15 0.904441 51.5491 0.108541 7.23649 0.06946 0.280991 0.75233 14.1263 0.10095 1.0453 6.33128 0.814976 0 17.5843
10000.00 1006.15 0.886963 50.9819 0.104136 7.15982 0.0704944 0.286527 0.761817 14.4051 0.100908 1.038 6.37225 0.788279 0 17.9308
10000.00 1005.15 0.871167 50.452 0.100075 7.08639 0.0714742 0.291723 0.770677 14.6667 0.100881 1.03069 6.40961 0.763976 0 18.2559
10000.00 1004.15 0.856789 49.9545 0.0963131 7.01589 0.072406 0.296618 0.778984 14.9132 0.100867 1.0234 6.44387 0.741711 0 18.5622
10000.00 1003.15 0.843617 49.4857 0.0928124 6.94801 0.0732955 0.30125 0.7868 15.1464 0.100865 1.01613 6.47544 0.72119 0 18.8521
10000.00 1002.15 0.831479 49.0422 0.0895412 6.8825 0.0741476 0.305647 0.79418 15.3679 0.100876 1.0089 6.50469 0.702176 0 19.1273
10000.00 1001.15 0.820237 48.6211 0.0864732 6.81913 0.0749665 0.309836 0.801168 15.5789 0.100898 1.00171 6.53188 0.684475 0 19.3894
10000.00 1000.15 0.809775 48.2201 0.0835862 6.7577 0.0757556 0.313839 0.807805 15.7806 0.100931 0.99456 6.55726 0.667923 0 19.6399
10000.00 999.15 0.799966 47.839 0.0808851 6.69941 0.0763904 0.31508 0.812754 15.9746 0.100608 0.985595 6.58256 0.652387 0 19.8807
10000.00 998.15 0.790779 47.4731 0.0783162 6.64204 0.0770672 0.317499 0.818127 16.1607 0.100473 0.977631 6.60563 0.637751 0 20.1117
10000.00 997.15 0.782130 47.1219 0.0758796 6.58619 0.0777185 0.319707 0.823199 16.3399 0.100333 0.96965 6.62746 0.62392 0 20.3341
10000.00 996.15 0.773961 46.7843 0.0735634 6.53176 0.0783466 0.321725 0.827997 16.5128 0.10019 0.961658 6.64817 0.610812 0 20.5487
10000.00 995.15 0.766225 46.4589 0.0713574 6.47862 0.0789537 0.323574 0.832544 16.68 0.100043 0.95366 6.66786 0.598357 0 20.7562
10000.00 994.15 0.758880 46.1448 0.0692525 6.42669 0.0795417 0.32527 0.836861 16.8419 0.0998946 0.945661 6.68661 0.586495 0 20.9571
10000.00 993.15 0.751890 45.8411 0.0672409 6.37587 0.0801122 0.326828 0.840967 16.9989 0.099745 0.937665 6.70451 0.575173 0 21.1519
10000.00 992.15 0.745236 45.5473 0.0651586 6.32565 0.0806822 0.328644 0.845038 17.151 0.0997262 0.930682 6.72096 0.564373 0 21.3408
10000.00 991.15 0.738913 45.2632 0.0627053 6.27502 0.0812873 0.331499 0.849445 17.2977 0.100097 0.926749 6.73471 0.554111 0 21.5234
10000.00 990.15 0.732863 44.9875 0.0603522 6.22526 0.0818834 0.334276 0.853727 17.4405 0.100468 0.922891 6.74773 0.544266 0 21.7011
10000.00 989.15 0.727064 44.7196 0.0580937 6.17633 0.082471 0.336981 0.857892 17.5796 0.100839 0.919106 6.7601 0.534806 0 21.8741
10000.00 988.15 0.721498 44.459 0.0559249 6.12816 0.083051 0.33962 0.861949 17.7153 0.10121 0.915389 6.77184 0.525703 0 22.0429
10000.00 987.15 0.716147 44.2052 0.0538413 6.08072 0.083624 0.342197 0.865904 17.8476 0.10158 0.911738 6.78301 0.516932 0 22.2076
10000.00 986.15 0.710996 43.9579 0.0518387 6.03398 0.0841905 0.344715 0.869764 17.9769 0.101949 0.90815 6.79364 0.508469 0 22.3685
10000.00 985.15 0.706032 43.7166 0.049913 5.98789 0.0847511 0.347178 0.873534 18.1033 0.102317 0.904622 6.80377 0.500295 0 22.5258
10000.00 984.15 0.701241 43.4811 0.0480608 5.94242 0.085306 0.349589 0.877219 18.227 0.102684 0.901152 6.81342 0.49239 0 22.6797
10000.00 983.15 0.696612 43.2509 0.0462786 5.89754 0.0858558 0.351951 0.880821 18.3481 0.10305 0.897736 6.82262 0.484739 0 22.8304
10000.00 982.15 0.692136 43.0259 0.0445633 5.85323 0.0864006 0.354267 0.884346 18.4668 0.103413 0.894372 6.83141 0.477326 0 22.978
10000.00 981.15 0.687803 42.8057 0.042912 5.80946 0.0869409 0.356537 0.887795 18.5831 0.103776 0.891057 6.83979 0.470137 0 23.1228
10000.00 980.15 0.683605 42.5902 0.0413219 5.76621 0.0874767 0.358765 0.891172 18.6972 0.104136 0.887789 6.84781 0.463159 0 23.2648
10000.00 979.15 0.679534 42.379 0.0397903 5.72346 0.0880082 0.360951 0.894477 18.8092 0.104493 0.884565 6.85546 0.456381 0 23.4041
10000.00 978.15 0.675583 42.1721 0.0383149 5.68119 0.0885355 0.363096 0.897712 18.9193 0.104849 0.881381 6.86278 0.449792 0 23.541
10000.00 977.15 0.671745 41.9691 0.0368933 5.63937 0.0890588 0.365202 0.900879 19.0274 0.105201 0.878236 6.86979 0.443383 0 23.6755
10000.00 976.15 0.666257 41.8219 0.0433045 5.58442 0.0740996 0.351252 0.745253 19.1841 0.0991732 0.8508 6.93794 0.43725 0 23.8705
10000.00 975.15 0.662533 41.6289 0.0422272 5.54272 0.073659 0.352279 0.738912 19.2919 0.0991968 0.846292 6.94808 0.431164 0 24.0047
10000.00 974.15 0.658907 41.4393 0.041182 5.50143 0.073209 0.353286 0.732498 19.3981 0.0992267 0.841809 6.95795 0.425231 0 24.1368
10000.00 973.15 0.655374 41.253 0.0401679 5.46054 0.0727503 0.354275 0.72602 19.5027 0.0992628 0.837348 6.96757 0.419444 0 24.2669
10000.00 972.15 0.651929 41.0699 0.0391836 5.42004 0.0722837 0.355247 0.719486 19.6057 0.099305 0.832908 6.97696 0.413796 0 24.3952
10000.00 971.15 0.648569 40.8899 0.0382279 5.37991 0.0718096 0.356204 0.712902 19.7073 0.0993531 0.82849 6.98612 0.40828 0 24.5215
10000.00 970.15 0.645289 40.7128 0.0372996 5.34014 0.0713287 0.357147 0.706274 19.8074 0.099407 0.824092 6.99506 0.402891 0 24.6462
10000.00 969.15 0.642087 40.5384 0.0363977 5.30072 0.0708415 0.358078 0.699608 19.9062 0.0994665 0.819716 7.00379 0.397623 0 24.7691
10000.00 968.15 0.638959 40.3669 0.0355212 5.26164 0.0703485 0.358995 0.69291 20.0037 0.0995304 0.815361 7.01232 0.392472 0 24.8904
10000.00 967.15 0.635901 40.1979 0.0346692 5.2229 0.0698504 0.359895 0.686186 20.0999 0.099598 0.811028 7.02064 0.387433 0 25.01
10000.00 966.15 0.632911 40.0315 0.0338408 5.18448 0.0693473 0.360782 0.679439 20.1948 0.0996692 0.806716 7.02878 0.382502 0 25.1282
10000.00 965.15 0.629987 39.8675 0.033035 5.14637 0.0688399 0.361655 0.672675 20.2886 0.0997441 0.802426 7.03672 0.377673 0 25.2448
10000.00 964.15 0.627125 39.7058 0.0322512 5.10857 0.0683285 0.362516 0.665898 20.3811 0.0998225 0.798157 7.04449 0.372944 0 25.36
10000.00 963.15 0.624324 39.5465 0.0314885 5.07106 0.0678134 0.363367 0.659112 20.4726 0.0999045 0.79391 7.05209 0.36831 0 25.4738
10000.00 962.15 0.621580 39.3894 0.0307461 5.03385 0.067295 0.364208 0.652319 20.563 0.09999 0.789684 7.05952 0.363768 0 25.5863
10000.00 961.15 0.618892 39.2344 0.0300234 4.99692 0.0667736 0.365039 0.645525 20.6523 0.100079 0.78548 7.06678 0.359316 0 25.6974
10000.00 960.15 0.616258 39.0815 0.0293198 4.96027 0.0662495 0.365863 0.638731 20.7405 0.100171 0.781296 7.07388 0.354948 0 25.8072
10000.00 959.15 0.613676 38.9306 0.0286345 4.92389 0.0657231 0.366679 0.631941 20.8278 0.100267 0.777134 7.08083 0.350664 0 25.9158
10000.00 958.15 0.611144 38.7816 0.0279669 4.88778 0.0651946 0.367488 0.625159 20.9141 0.100366 0.772994 7.08763 0.346459 0 26.0232
10000.00 957.15 0.608660 38.6346 0.0273166 4.85193 0.0646643 0.368292 0.618386 20.9995 0.100468 0.768875 7.09428 0.342332 0 26.1294
10000.00 956.15 0.606223 38.4894 0.0266829 4.81633 0.0641324 0.36909 0.611626 21.0839 0.100573 0.764777 7.10079 0.338279 0 26.2344
10000.00 955.15 0.603831 38.346 0.0260652 4.78098 0.0635993 0.369883 0.60488 21.1674 0.100681 0.760701 7.10716 0.334299 0 26.3384
10000.00 954.15 0.601483 38.2043 0.0254632 4.74588 0.063065 0.370671 0.598152 21.25 0.100792 0.756645 7.11339 0.330388 0 26.4412
10000.00 953.15 0.599177 38.0644 0.0248763 4.71102 0.0625299 0.371456 0.591443 21.3318 0.100906 0.752612 7.11949 0.326546 0 26.5429
10000.00 952.15 0.596912 37.9261 0.024304 4.6764 0.0619941 0.372237 0.584756 21.4127 0.101023 0.748599 7.12546 0.322769 0 26.6436
10000.00 951.15 0.594687 37.7894 0.023746 4.642 0.0614578 0.373015 0.578092 21.4929 0.101143 0.744608 7.1313 0.319056 0 26.7433
10000.00 950.15 0.592501 37.6543 0.0232017 4.60784 0.0609213 0.37379 0.571453 21.5722 0.101265 0.740638 7.13703 0.315405 0 26.842
10000.00 949.15 0.590351 37.5207 0.0226708 4.5739 0.0603848 0.374563 0.564841 21.6507 0.10139 0.73669 7.14263 0.311814 0 26.9397
10000.00 948.15 0.588238 37.3886 0.0221528 4.54018 0.0598483 0.375334 0.558258 21.7285 0.101518 0.732763 7.14811 0.308281 0 27.0365
10000.00 947.15 0.586161 37.2579 0.0216475 4.50668 0.059312 0.376102 0.551704 21.8055 0.101648 0.728857 7.15348 0.304806 0 27.1324
10000.00 946.15 0.584117 37.1287 0.0211544 4.47339 0.0587762 0.376869 0.545183 21.8818 0.10178 0.724973 7.15874 0.301385 0 27.2273
10000.00 945.15 0.582107 37.0009 0.0206731 4.44031 0.0582409 0.377634 0.538694 21.9574 0.101915 0.72111 7.16388 0.298018 0 27.3213
10000.00 944.15 0.580129 36.8744 0.0202034 4.40745 0.0577064 0.378399 0.532239 22.0322 0.102053 0.717268 7.16892 0.294704 0 27.4145
10000.00 943.15 0.578182 36.7492 0.0197449 4.37478 0.0571726 0.379162 0.52582 22.1064 0.102192 0.713447 7.17385 0.29144 0 27.5067
10000.00 942.15 0.576266 36.6254 0.0192974 4.34232 0.0566399 0.379924 0.519438 22.1799 0.102334 0.709648 7.17868 0.288226 0 27.5982
10000.00 941.15 0.574380 36.5028 0.0188604 4.31006 0.0561082 0.380685 0.513092 22.2527 0.102477 0.70587 7.18341 0.28506 0 27.6888
10000.00 940.15 0.572523 36.3815 0.0184338 4.278 0.0555777 0.381445 0.506786 22.3249 0.102623 0.702113 7.18804 0.281941 0 27.7786
10000.00 939.15 0.570694 36.2614 0.0180171 4.24613 0.0550485 0.382205 0.500519 22.3964 0.102771 0.698377 7.19258 0.278868 0 27.8677
10000.00 938.15 0.568893 36.1425 0.0176103 4.21445 0.0545208 0.382965 0.494292 22.4674 0.102921 0.694663 7.19702 0.27584 0 27.9559
10000.00 937.15 0.567119 36.0247 0.0172129 4.18297 0.0539946 0.383724 0.488106 22.5377 0.103072 0.69097 7.20136 0.272856 0 28.0434
10000.00 936.15 0.565370 35.9081 0.0168248 4.15167 0.05347 0.384483 0.481963 22.6074 0.103225 0.687297 7.20562 0.269914 0 28.1301
10000.00 935.15 0.563648 35.7926 0.0164457 4.12056 0.052947 0.385241 0.475862 22.6765 0.10338 0.683646 7.20978 0.267013 0 28.2161
10000.00 934.15 0.561950 35.6782 0.0160754 4.08963 0.0524259 0.385999 0.469804 22.745 0.103537 0.680016 7.21386 0.264154 0 28.3013
10000.00 933.15 0.560276 35.5649 0.0157136 4.05888 0.0519067 0.386757 0.46379 22.8129 0.103695 0.676407 7.21785 0.261334 0 28.3858
10000.00 932.15 0.558627 35.4527 0.0153601 4.02832 0.0513894 0.387515 0.45782 22.8803 0.103855 0.672819 7.22176 0.258553 0 28.4697
10000.00 931.15 0.557000 35.3415 0.0150148 3.99793 0.0508741 0.388273 0.451896 22.9471 0.104017 0.669252 7.22559 0.255809 0 28.5528
10000.00 930.15 0.555396 35.2313 0.0146773 3.96772 0.050361 0.38903 0.446016 23.0133 0.104179 0.665706 7.22933 0.253103 0 28.6352
10000.00 929.15 0.553815 35.1221 0.0143476 3.93768 0.04985 0.389787 0.440183 23.0791 0.104343 0.66218 7.23299 0.250433 0 28.717
10000.00 928.15 0.552255 35.0139 0.0140253 3.90782 0.0493412 0.390545 0.434396 23.1443 0.104509 0.658676 7.23658 0.247799 0 28.7981
10000.00 927.15 0.550716 34.9067 0.0137104 3.87812 0.0488347 0.391302 0.428655 23.2089 0.104675 0.655192 7.24009 0.245199 0 28.8786
10000.00 926.15 0.549198 34.8004 0.0134026 3.8486 0.0483306 0.392059 0.422962 23.2731 0.104843 0.651729 7.24353 0.242634 0 28.9584
10000.00 925.15 0.547700 34.6951 0.0131018 3.81925 0.0478288 0.392816 0.417315 23.3367 0.105012 0.648286 7.24689 0.240101 0 29.0376
10000.00 924.15 0.546222 34.5906 0.0128077 3.79006 0.0473295 0.393572 0.411717 23.3999 0.105183 0.644865 7.25018 0.237601 0 29.1162
10000.00 923.15 0.544764 34.4871 0.0125203 3.76104 0.0468327 0.394329 0.406165 23.4625 0.105354 0.641463 7.25339 0.235134 0 29.1941
10000.00 922.15 0.543324 34.3845 0.0122393 3.73219 0.0463385 0.395085 0.400662 23.5247 0.105526 0.638082 7.25654 0.232697 0 29.2715
10000.00 921.15 0.541904 34.2827 0.0119647 3.7035 0.0458468 0.395841 0.395207 23.5864 0.105699 0.634722 7.25962 0.230291 0 29.3482
10000.00 920.15 0.540501 34.1818 0.0116962 3.67497 0.0453578 0.396597 0.389801 23.6476 0.105873 0.631382 7.26263 0.227915 0 29.4244
10000.00 919.15 0.539116 34.0818 0.0114337 3.6466 0.0448715 0.397352 0.384442 23.7083 0.106048 0.628062 7.26558 0.225569 0 29.5
10000.00 918.15 0.537749 33.9826 0.0111771 3.61839 0.0443878 0.398107 0.379133 23.7686 0.106224 0.624762 7.26846 0.223251 0 29.575
10000.00 917.15 0.536399 33.8842 0.0109262 3.59034 0.0439069 0.398862 0.373871 23.8284 0.106401 0.621482 7.27128 0.220962 0 29.6494
10000.00 916.15 0.535066 33.7866 0.0106809 3.56244 0.0434288 0.399616 0.368659 23.8878 0.106578 0.618223 7.27404 0.218701 0 29.7233
10000.00 915.15 0.533749 33.6898 0.010441 3.53471 0.0429535 0.40037 0.363495 23.9467 0.106756 0.614983 7.27673 0.216467 0 29.7966
10000.00 914.15 0.532449 33.5938 0.0102065 3.50713 0.042481 0.401123 0.35838 24.0052 0.106934 0.611764 7.27936 0.21426 0 29.8694
10000.00 913.15 0.531164 33.4986 0.00997716 3.4797 0.0420114 0.401876 0.353314 24.0632 0.107113 0.608564 7.28194 0.212079 0 29.9416
10000.00 912.15 0.529895 33.4041 0.00975292 3.45242 0.0415446 0.402628 0.348297 24.1209 0.107293 0.605384 7.28446 0.209924 0 30.0133
10000.00 911.15 0.528641 33.3104 0.00953365 3.4253 0.0410808 0.403379 0.343328 24.1781 0.107473 0.602223 7.28692 0.207795 0 30.0845
10000.00 910.15 0.527403 33.2174 0.00931923 3.39833 0.0406199 0.404129 0.338409 24.2349 0.107654 0.599082 7.28932 0.20569 0 30.1552
10000.00 909.15 0.526179 33.1252 0.00910955 3.37151 0.0401619 0.404879 0.333537 24.2912 0.107835 0.595961 7.29167 0.20361 0 30.2253
10000.00 908.15 0.524969 33.0337 0.0089045 3.34484 0.0397069 0.405628 0.328715 24.3472 0.108017 0.592859 7.29396 0.201553 0 30.2949
10000.00 907.15 0.523774 32.9429 0.00870398 3.31832 0.0392549 0.406376 0.323941 24.4028 0.108199 0.589776 7.2962 0.199521 0 30.3641
10000.00 906.15 0.522593 32.8528 0.00850788 3.29195 0.038806 0.407123 0.319215 24.4579 0.108381 0.586713 7.29839 0.197512 0 30.4327
10000.00 905.15 0.521425 32.7634 0.00831611 3.26573 0.03836 0.407869 0.314538 24.5127 0.108564 0.583668 7.30053 0.195525 0 30.5009
10000.00 904.15 0.520271 32.6746 0.00812856 3.23965 0.0379171 0.408614 0.309909 24.5671 0.108747 0.580643 7.30262 0.193561 0 30.5685
10000.00 903.15 0.519130 32.5866 0.00794515 3.21372 0.0374772 0.409358 0.305328 24.621 0.10893 0.577637 7.30465 0.191619 0 30.6357
10000.00 902.15 0.518002 32.4992 0.00776577 3.18793 0.0370403 0.410101 0.300794 24.6747 0.109113 0.574649 7.30664 0.189699 0 30.7024
10000.00 901.15 0.516887 32.4125 0.00759034 3.16229 0.0366066 0.410843 0.296309 24.7279 0.109296 0.571681 7.30859 0.1878 0 30.7686
10000.00 900.15 0.515785 32.3264 0.00741877 3.13679 0.0361759 0.411583 0.291871 24.7807 0.10948 0.568731 7.31048 0.185922 0 30.8344
10000.00 899.15 0.514695 32.241 0.00725098 3.11143 0.0357483 0.412322 0.287481 24.8332 0.109664 0.565799 7.31233 0.184065 0 30.8997
10000.00 898.15 0.513617 32.1562 0.00708687 3.08622 0.0353238 0.413059 0.283138 24.8853 0.109847 0.562886 7.31413 0.182229 0 30.9645
10000.00 897.15 0.512551 32.072 0.00692638 3.06114 0.0349024 0.413796 0.278842 24.9371 0.110031 0.559991 7.31589 0.180412 0 31.0289
10000.00 896.15 0.511497 31.9885 0.00676941 3.03621 0.0344841 0.41453 0.274593 24.9885 0.110215 0.557115 7.31761 0.178615 0 31.0929
10000.00 895.15 0.510454 31.9056 0.00661589 3.01142 0.0340689 0.415264 0.27039 25.0395 0.110399 0.554256 7.31929 0.176838 0 31.1564
10000.00 894.15 0.509423 31.8232 0.00646576 2.98677 0.0336568 0.415995 0.266234 25.0902 0.110583 0.551416 7.32092 0.175079 0 31.2194
10000.00 893.15 0.508404 31.7415 0.00631892 2.96226 0.0332478 0.416725 0.262124 25.1405 0.110766 0.548593 7.32251 0.17334 0 31.2821
10000.00 892.15 0.507395 31.6604 0.00617531 2.93789 0.032842 0.417454 0.258061 25.1905 0.11095 0.545789 7.32406 0.171619 0 31.3443
10000.00 891.15 0.506397 31.5798 0.00603486 2.91365 0.0324392 0.41818 0.254043 25.2401 0.111133 0.543002 7.32557 0.169916 0 31.406
10000.00 890.15 0.505410 31.4999 0.0058975 2.88956 0.0320396 0.418905 0.25007 25.2894 0.111317 0.540233 7.32704 0.168232 0 31.4674
10000.00 889.15 0.504433 31.4205 0.00576317 2.86559 0.0316431 0.419628 0.246143 25.3384 0.1115 0.537481 7.32848 0.166565 0 31.5283
10000.00 888.15 0.503467 31.3417 0.00563179 2.84177 0.0312497 0.420349 0.242261 25.387 0.111683 0.534746 7.32988 0.164916 0 31.5888
10000.00 887.15 0.502511 31.2634 0.00550331 2.81808 0.0308595 0.421068 0.238424 25.4353 0.111865 0.532029 7.33124 0.163284 0 31.6489
10000.00 886.15 0.501565 31.1857 0.00537765 2.79453 0.0304723 0.421786 0.234631 25.4833 0.112048 0.529329 7.33256 0.161668 0 31.7086
10000.00 885.15 0.500629 31.1085 0.00525477 2.77112 0.0300883 0.422501 0.230882 25.531 0.11223 0.526646 7.33385 0.16007 0 31.7679
10000.00 884.15 0.499702 31.0319 0.0051346 2.74783 0.0297074 0.423214 0.227178 25.5783 0.112412 0.52398 7.33511 0.158488 0 31.8268
10000.00 883.15 0.498786 30.9558 0.00501708 2.72468 0.0293295 0.423925 0.223517 25.6253 0.112594 0.52133 7.33633 0.156923 0 31.8853
10000.00 882.15 0.497879 30.8803 0.00490215 2.70167 0.0289548 0.424634 0.2199 25.672 0.112775 0.518697 7.33751 0.155373 0 31.9434
10000.00 881.15 0.496981 30.8052 0.00478976 2.67879 0.0285832 0.425341 0.216326 25.7183 0.112956 0.516081 7.33867 0.15384 0 32.0011
10000.00 880.15 0.496093 30.7307 0.00467986 2.65604 0.0282147 0.426046 0.212795 25.7644 0.113137 0.513481 7.33979 0.152322 0 32.0584
10000.00 879.15 0.495213 30.6567 0.00457239 2.63342 0.0278493 0.426748 0.209307 25.8102 0.113317 0.510898 7.34089 0.150819 0 32.1153
10000.00 878.15 0.494343 30.5833 0.0044673 2.61094 0.0274869 0.427448 0.205861 25.8556 0.113497 0.50833 7.34195 0.149332 0 32.1718
10000.00 877.15 0.493481 30.5103 0.00436454 2.58859 0.0271276 0.428146 0.202457 25.9007 0.113676 0.505779 7.34298 0.147859 0 32.228
10000.00 876.15 0.492628 30.4378 0.00426405 2.56636 0.0267714 0.428841 0.199095 25.9456 0.113855 0.503243 7.34398 0.146402 0 32.2838
10000.00 875.15 0.491784 30.3658 0.0041658 2.54427 0.0264183 0.429534 0.195774 25.9901 0.114034 0.500724 7.34496 0.144959 0 32.3392
10000.00 874.15 0.490949 30.2944 0.00406973 2.52231 0.0260682 0.430224 0.192494 26.0343 0.114212 0.49822 7.3459 0.14353 0 32.3943
10000.00 873.15 0.490121 30.2234 0.00397579 2.50048 0.0257211 0.430912 0.189256 26.0783 0.11439 0.495731 7.34682 0.142116 0 32.4489
10000.00 872.15 0.489302 30.1529 0.00388395 2.47878 0.0253771 0.431598 0.186058 26.1219 0.114567 0.493258 7.34771 0.140716 0 32.5032
10000.00 871.15 0.488491 30.0828 0.00379415 2.4572 0.0250361 0.432281 0.1829 26.1653 0.114743 0.4908 7.34858 0.13933 0 32.5572
10000.00 870.15 0.487689 30.0133 0.00370635 2.43576 0.0246981 0.432961 0.179782 26.2084 0.114919 0.488357 7.34942 0.137957 0 32.6108
10000.00 869.15 0.486894 29.9442 0.00362052 2.41445 0.0243632 0.433639 0.176704 26.2512 0.115095 0.485929 7.35023 0.136598 0 32.664
10000.00 868.15 0.486107 29.8756 0.0035366 2.39326 0.0240312 0.434314 0.173666 26.2937 0.11527 0.483517 7.35102 0.135252 0 32.7169
10000.00 867.15 0.485328 29.8074 0.00345456 2.3722 0.0237023 0.434986 0.170666 26.3359 0.115445 0.481118 7.35179 0.13392 0 32.7694
10000.00 866.15 0.484556 29.7397 0.00337435 2.35126 0.0233763 0.435656 0.167706 26.3778 0.115618 0.478735 7.35253 0.1326 0 32.8216
10000.00 865.15 0.483792 29.6724 0.00329595 2.33046 0.0230533 0.436323 0.164783 26.4195 0.115792 0.476365 7.35325 0.131293 0 32.8735
10000.00 864.15 0.483035 29.6056 0.00321931 2.30978 0.0227333 0.436987 0.161899 26.4609 0.115964 0.474011 7.35395 0.129999 0 32.925
10000.00 863.15 0.482286 29.5393 0.00314438 2.28922 0.0224162 0.437649 0.159053 26.502 0.116136 0.47167 7.35462 0.128718 0 32.9761
10000.00 862.15 0.481544 29.4734 0.00307115 2.2688 0.022102 0.438307 0.156244 26.5428 0.116308 0.469343 7.35528 0.127449 0 33.0269
10000.00 861.15 0.480809 29.4079 0.00299956 2.24849 0.0217908 0.438963 0.153473 26.5834 0.116479 0.46703 7.35591 0.126192 0 33.0774
10000.00 860.15 0.480081 29.3428 0.0029296 2.22832 0.0214825 0.439616 0.150738 26.6237 0.116649 0.464731 7.35652 0.124948 0 33.1275
10000.00 859.15 0.479361 29.2782 0.00286121 2.20827 0.0211771 0.440266 0.14804 26.6637 0.116818 0.462445 7.35711 0.123715 0 33.1774
10000.00 858.15 0.478647 29.2141 0.00279437 2.18834 0.0208746 0.440913 0.145379 26.7035 0.116987 0.460173 7.35769 0.122494 0 33.2268
10000.00 857.15 0.477940 29.1503 0.00272904 2.16853 0.020575 0.441558 0.142753 26.743 0.117155 0.457914 7.35824 0.121285 0 33.276
10000.00 856.15 0.477239 29.087 0.0026652 2.14885 0.0202783 0.442199 0.140164 26.7822 0.117323 0.455668 7.35878 0.120088 0 33.3248
10000.00 855.15 0.476546 29.024 0.00260281 2.1293 0.0199844 0.442837 0.137609 26.8212 0.11749 0.453436 7.3593 0.118902 0 33.3733
10000.00 854.15 0.475859 28.9615 0.00254183 2.10987 0.0196934 0.443473 0.13509 26.8599 0.117656 0.451216 7.3598 0.117727 0 33.4215
10000.00 853.15 0.475178 28.8994 0.00248225 2.09056 0.0194052 0.444105 0.132605 26.8984 0.117821 0.449008 7.36028 0.116563 0 33.4694
10000.00 852.15 0.474504 28.8377 0.00242403 2.07137 0.0191198 0.444734 0.130155 26.9366 0.117986 0.446814 7.36075 0.115411 0 33.5169
10000.00 851.15 0.473836 28.7764 0.00236714 2.0523 0.0188373 0.445361 0.127739 26.9746 0.11815 0.444631 7.3612 0.114269 0 33.5641
10000.00 850.15 0.473175 28.7156 0.00231155 2.03336 0.0185575 0.445984 0.125357 27.0123 0.118313 0.442461 7.36164 0.113138 0 33.6111
10000.00 849.15 0.472520 28.6551 0.00225723 2.01454 0.0182805 0.446604 0.123008 27.0497 0.118476 0.440303 7.36206 0.112018 0 33.6577
10000.00 848.15 0.471871 28.595 0.00220417 1.99584 0.0180063 0.447221 0.120693 27.0869 0.118638 0.438157 7.36247 0.110908 0 33.704
10000.00 847.15 0.471228 28.5353 0.00215232 1.97726 0.0177349 0.447835 0.11841 27.1239 0.118799 0.436022 7.36286 0.109809 0 33.75
10000.00 846.15 0.470591 28.4759 0.00210167 1.9588 0.0174662 0.448446 0.11616 27.1606 0.118959 0.433899 7.36324 0.10872 0 33.7956
10000.00 845.15 0.469960 28.417 0.00205219 1.94046 0.0172003 0.449054 0.113943 27.1971 0.119118 0.431788 7.36361 0.107641 0 33.841
10000.00 844.15 0.469334 28.3585 0.00200385 1.92224 0.016937 0.449659 0.111757 27.2333 0.119277 0.429688 7.36396 0.106573 0 33.8861
10000.00 843.15 0.468715 28.3003 0.00195663 1.90415 0.0166765 0.450261 0.109603 27.2693 0.119435 0.427599 7.3643 0.105514 0 33.9309
10000.00 842.15 0.468101 28.2425 0.00191051 1.88617 0.0164187 0.450859 0.107481 27.3051 0.119592 0.42552 7.36463 0.104465 0 33.9754
10000.00 841.15 0.467493 28.1851 0.00186546 1.86831 0.0161635 0.451454 0.105389 27.3406 0.119749 0.423453 7.36495 0.103427 0 34.0196
10000.00 840.15 0.466891 28.1281 0.00182146 1.85057 0.015911 0.452046 0.103329 27.3758 0.119904 0.421396 7.36526 0.102397 0 34.0635
10000.00 839.15 0.466267 28.0692 0.00178293 1.83433 0.0156965 0.452236 0.101536 27.4125 0.119953 0.418452 7.36382 0.101395 0 34.1091
10000.00 838.15 0.465621 28.0087 0.00174944 1.81954 0.0155185 0.452052 0.0999991 27.4505 0.119903 0.414655 7.36066 0.10042 0 34.1563
10000.00 837.15 0.464981 27.9484 0.00171661 1.80486 0.0153429 0.451883 0.0984868 27.4883 0.119857 0.41087 7.35743 0.0994544 0 34.2034
10000.00 836.15 0.464346 27.8885 0.00168441 1.79029 0.0151698 0.451728 0.0969993 27.5259 0.119815 0.407099 7.35413 0.0984978 0 34.2502
10000.00 835.15 0.463715 27.8289 0.00165285 1.77581 0.0149992 0.451589 0.0955363 27.5633 0.119777 0.403339 7.35077 0.0975503 0 34.2967
10000.00 834.15 0.463084 27.7692 0.00162225 1.76173 0.0148446 0.451382 0.0941855 27.6009 0.119721 0.39941 7.34695 0.0966155 0 34.3435
10000.00 833.15 0.462506 27.7139 0.00158916 1.74522 0.0145722 0.451834 0.0920813 27.6354 0.11984 0.397121 7.34648 0.0956577 0 34.3864
10000.00 832.15 0.461934 27.6589 0.00155669 1.7288 0.0143025 0.452286 0.0900087 27.6696 0.119959 0.394862 7.346 0.0947086 0 34.429
10000.00 831.15 0.461366 27.6043 0.00152483 1.71249 0.0140356 0.452739 0.0879674 27.7036 0.120078 0.392633 7.34551 0.0937683 0 34.4713
10000.00 830.15 0.460805 27.5501 0.00149356 1.69627 0.0137715 0.453192 0.0859574 27.7374 0.120197 0.390434 7.34501 0.0928366 0 34.5134
10000.00 829.15 0.460248 27.4962 0.00146289 1.68015 0.0135102 0.453645 0.0839785 27.771 0.120316 0.388265 7.3445 0.0919134 0 34.5551
10000.00 828.15 0.459696 27.4427 0.00143279 1.66413 0.0132516 0.454098 0.0820306 27.8043 0.120435 0.386127 7.34398 0.0909986 0 34.5966
10000.00 827.15 0.459150 27.3895 0.00140326 1.64821 0.0129959 0.454552 0.0801134 27.8374 0.120555 0.384017 7.34345 0.0900923 0 34.6377
10000.00 826.15 0.458609 27.3367 0.00137429 1.63239 0.0127431 0.455005 0.078227 27.8702 0.120674 0.381938 7.34291 0.0891942 0 34.6786
10000.00 825.15 0.458072 27.2843 0.00134586 1.61666 0.012493 0.455458 0.076371 27.9029 0.120793 0.379888 7.34237 0.0883043 0 34.7192
10000.00 824.15 0.457541 27.2322 0.00131797 1.60103 0.0122458 0.455912 0.0745454 27.9352 0.120913 0.377867 7.34181 0.0874225 0 34.7595
10000.00 823.15 0.457015 27.1804 0.00129061 1.5855 0.0120015 0.456365 0.07275 27.9674 0.121032 0.375875 7.34125 0.0865487 0 34.7996
10000.00 822.15 0.456493 27.129 0.00126377 1.57007 0.0117601 0.456817 0.0709846 27.9994 0.121151 0.373913 7.34068 0.0856829 0 34.8393
10000.00 821.15 0.455977 27.0779 0.00123744 1.55474 0.0115215 0.457269 0.069249 28.0311 0.121271 0.371979 7.3401 0.084825 0 34.8788
10000.00 820.15 0.455465 27.0272 0.00121161 1.5395 0.0112858 0.457721 0.0675431 28.0626 0.12139 0.370073 7.33952 0.0839749 0 34.918
10000.00 819.15 0.454958 26.9769 0.00118627 1.52436 0.011053 0.458173 0.0658667 28.0939 0.121509 0.368196 7.33893 0.0831324 0 34.9569
10000.00 818.15 0.454456 26.9268 0.00116141 1.50932 0.0108231 0.458623 0.0642196 28.1249 0.121628 0.366348 7.33834 0.0822977 0 34.9955
10000.00 817.15 0.453958 26.8771 0.00113703 1.49437 0.0105962 0.459073 0.0626016 28.1557 0.121747 0.364527 7.33774 0.0814705 0 35.0339
10000.00 816.15 0.453465 26.8277 0.00111312 1.47953 0.0103721 0.459523 0.0610125 28.1864 0.121865 0.362735 7.33713 0.0806508 0 35.072
10000.00 815.15 0.452977 26.7787 0.00108966 1.46478 0.0101509 0.459971 0.0594522 28.2167 0.121984 0.36097 7.33652 0.0798386 0 35.1098
10000.00 814.15 0.452493 26.73 0.00106666 1.45013 0.00993273 0.460419 0.0579203 28.2469 0.122102 0.359233 7.33591 0.0790337 0 35.1473
10000.00 813.15 0.452013 26.6816 0.0010441 1.43557 0.00971744 0.460866 0.0564168 28.2769 0.12222 0.357523 7.33529 0.0782361 0 35.1846
10000.00 812.15 0.451538 26.6336 0.00102197 1.42112 0.00950508 0.461312 0.0549414 28.3066 0.122338 0.35584 7.33466 0.0774458 0 35.2216
10000.00 811.15 0.451068 26.5858 0.00100027 1.40676 0.00929566 0.461757 0.0534939 28.3362 0.122455 0.354185 7.33404 0.0766625 0 35.2584
10000.00 810.15 0.450602 26.5384 0.000978988 1.39249 0.00908918 0.462201 0.052074 28.3655 0.122573 0.352556 7.33341 0.0758864 0 35.2948
10000.00 809.15 0.450140 26.4913 0.00095812 1.37833 0.00888563 0.462643 0.0506815 28.3946 0.12269 0.350954 7.33278 0.0751173 0 35.3311
10000.00 808.15 0.449682 26.4446 0.000937657 1.36426 0.00868503 0.463085 0.0493163 28.4235 0.122807 0.349378 7.33214 0.0743552 0 35.367
10000.00 807.15 0.449229 26.3981 0.000917593 1.35029 0.00848736 0.463525 0.0479781 28.4521 0.122923 0.347828 7.3315 0.0735999 0 35.4027
10000.00 806.15 0.448780 26.352 0.000897919 1.33641 0.00829263 0.463964 0.0466666 28.4806 0.123039 0.346305 7.33086 0.0728515 0 35.4381
10000.00 805.15 0.448335 26.3062 0.00087863 1.32263 0.00810084 0.464402 0.0453815 28.5089 0.123155 0.344807 7.33022 0.0721099 0 35.4733
10000.00 804.15 0.447680 26.2466 0.0013285 1.31539 0.00692447 0.463218 0.0386246 28.5506 0.12284 0.320773 7.33726 0.071349 0 35.5252
10000.00 803.15 0.447245 26.2014 0.00129663 1.30172 0.00675927 0.463623 0.0375316 28.5784 0.122947 0.319269 7.33672 0.0706202 0 35.5597
10000.00 802.15 0.446814 26.1566 0.0012654 1.28815 0.00659648 0.464026 0.0364605 28.6059 0.123054 0.317791 7.33617 0.0698981 0 35.5941
10000.00 801.15 0.446387 26.1121 0.00123481 1.27468 0.00643619 0.464429 0.0354115 28.6333 0.12316 0.316337 7.33562 0.0691825 0 35.6281
10000.00 800.15 0.445963 26.0678 0.00120484 1.2613 0.0062784 0.46483 0.0343845 28.6605 0.123266 0.314907 7.33508 0.0684735 0 35.6619
10000.00 799.15 0.445544 26.0239 0.00117548 1.24802 0.00612311 0.46523 0.0333792 28.6875 0.123372 0.313501 7.33453 0.0677708 0 35.6955
10000.00 798.15 0.445128 25.9803 0.00114673 1.23484 0.00597031 0.465628 0.0323954 28.7143 0.123478 0.312118 7.33398 0.0670746 0 35.7288
10000.00 797.15 0.444717 25.9369 0.00111858 1.22175 0.00582001 0.466026 0.031433 28.7408 0.123583 0.310759 7.33343 0.0663846 0 35.7619
10000.00 796.15 0.444309 25.8939 0.00109101 1.20876 0.00567221 0.466421 0.0304917 28.7672 0.123688 0.309422 7.33288 0.0657009 0 35.7947
10000.00 795.15 0.443905 25.8512 0.00106401 1.19587 0.00552688 0.466816 0.0295712 28.7934 0.123792 0.308109 7.33233 0.0650234 0 35.8273
10000.00 794.15 0.443504 25.8087 0.00103759 1.18308 0.00538405 0.467208 0.0286714 28.8194 0.123896 0.306818 7.33178 0.0643521 0 35.8597
10000.00 793.15 0.443108 25.7665 0.00101172 1.17038 0.00524368 0.4676 0.0277921 28.8452 0.124 0.305549 7.33123 0.0636868 0 35.8918
10000.00 792.15 0.442715 25.7247 0.000986398 1.15777 0.00510579 0.46799 0.026933 28.8708 0.124103 0.304302 7.33069 0.0630276 0 35.9236
10000.00 791.15 0.442325 25.6831 0.000961615 1.14526 0.00497036 0.468378 0.0260938 28.8962 0.124206 0.303078 7.33015 0.0623744 0 35.9553
10000.00 790.15 0.441940 25.6418 0.000937364 1.13285 0.00483738 0.468764 0.0252744 28.9214 0.124308 0.301875 7.3296 0.0617272 0 35.9866
10000.00 789.15 0.441557 25.6007 0.000913633 1.12053 0.00470685 0.469149 0.0244745 28.9465 0.12441 0.300694 7.32906 0.0610858 0 36.0178
10000.00 788.15 0.441179 25.56 0.000890415 1.10831 0.00457875 0.469532 0.0236938 28.9713 0.124511 0.299533 7.32853 0.0604502 0 36.0487
10000.00 787.15 0.440804 25.5195 0.000867701 1.09618 0.00445308 0.469914 0.0229322 28.996 0.124612 0.298394 7.32799 0.0598204 0 36.0794
10000.00 786.15 0.440432 25.4793 0.000845483 1.08415 0.00432981 0.470293 0.0221893 29.0204 0.124713 0.297276 7.32746 0.0591964 0 36.1098
10000.00 785.15 0.440064 25.4394 0.000823752 1.07221 0.00420895 0.470671 0.0214649 29.0447 0.124813 0.296178 7.32693 0.058578 0 36.14
10000.00 784.15 0.439699 25.3998 0.000802499 1.06037 0.00409047 0.471047 0.0207588 29.0688 0.124913 0.2951 7.32641 0.0579653 0 36.17
10000.00 783.15 0.439338 25.3604 0.000781717 1.04862 0.00397436 0.471421 0.0200706 29.0927 0.125012 0.294042 7.32588 0.0573582 0 36.1997
10000.00 782.15 0.438980 25.3213 0.000761398 1.03696 0.00386061 0.471794 0.0194002 29.1164 0.12511 0.293003 7.32537 0.0567566 0 36.2292
10000.00 781.15 0.438626 25.2825 0.000741533 1.0254 0.00374919 0.472164 0.0187472 29.14 0.125209 0.291984 7.32485 0.0561605 0 36.2585
10000.00 780.15 0.438274 25.244 0.000722114 1.01394 0.0036401 0.472533 0.0181114 29.1633 0.125306 0.290985 7.32434 0.0555698 0 36.2876
10000.00 779.15 0.437926 25.2057 0.000703135 1.00256 0.00353332 0.472899 0.0174926 29.1865 0.125403 0.290004 7.32384 0.0549846 0 36.3164
10000.00 778.15 0.437582 25.1677 0.000684586 0.99128 0.00342881 0.473264 0.0168904 29.2095 0.1255 0.289042 7.32334 0.0544047 0 36.345
10000.00 777.15 0.437240 25.1299 0.00066646 0.980091 0.00332658 0.473626 0.0163045 29.2323 0.125596 0.288098 7.32284 0.0538301 0 36.3734
10000.00 776.15 0.436902 25.0924 0.00064875 0.968996 0.00322659 0.473987 0.0157348 29.2549 0.125692 0.287172 7.32235 0.0532607 0 36.4016
10000.00 775.15 0.436566 25.0552 0.000631449 0.957992 0.00312883 0.474346 0.0151809 29.2774 0.125787 0.286263 7.32187 0.0526966 0 36.4295
10000.00 774.15 0.436234 25.0182 0.000614548 0.94708 0.00303327 0.474702 0.0146426 29.2997 0.125881 0.285373 7.32139 0.0521377 0 36.4573
10000.00 773.15 0.435905 24.9815 0.000598041 0.936261 0.00293989 0.475056 0.0141196 29.3218 0.125975 0.284499 7.32091 0.0515839 0 36.4848